11066
12818
18124
18308
11381
12871
10183
17019
2728561
2417652
16463
2054643
2137962
16438
1998065
2484590
2039571
2094677
2296091
2258171
1997664
2135632
384411
51901
153226
76706
51619
41765
45331
40420
35907
28260
45575
29572
25510
31636
39106
40679
2504395
2509556
513809
28960
28765
26616
33440
119628
27498
2854966
2725609
1929699
2450526
2167886
2044364
28394
868409
1986543
2136589
2191864
2144925
2246407
2741918
2119342
2131596
2243586
2281512
2085640
2199287
647880
922234
2386201
2625867
2279960
2116615
2142745
2616955
1959543
2539622
2082940
2271261
378842
1965721
2083178
482346
207769
2137500
4903023
1943780
2456640
2255841
2275780
2159526
4941597
2038090
2172742
2170248
2218518
2035518
2256792
1968996
2390201
411398
403739
2355881
2494123
2111198
2134656
1969435
2080338
56599
2204320
2112284
1939730
2271510
2235242
2231194
469431
2547909
2148389
1957979
2175158
1973306
2075331
357417
1960514
2104203
2099243
2271637
1974834
2563288
2073364
2531992
1988975
1954356
2142763
632397
1949577
2736532
2106678
1920025
2154753
2170954
1899930
2004082
2210717
2139900
2017575
2135246
2036373
2146810
394235
2102471
2104733
2038305
2072223
2015614
2092850
115058
2167212
4919227
2124837
2118769
2165386
2686559
506324
2133770
2297675
1936372
2191677
364216
2076618
2292510
2117634
5165597
2215827
2654008
2260169
2295915
2064699
2166298
2019789
2275397
2194674
2522246
1964079
2140660
2147918
2278804
2267884
2279688
1954091
2090224
2019377
2138890
2241316
2147611
2042698
2144735
1946470
2145416
2117050
2322320
1935446
2058766
2073557
2242726
2024840
2304252
2040943
2163452
490803
1469769
597599
2408554
2190542
1986931
2248607
2061589
2262900
2011503
2240048
2042100
2155231
2241935
2165780
378670
357625
100605
59074
237451
48589
52348
107757
110849
106829
8826
9741
10799
26010
18462
11282
53894
50194
50158
52031
50650
49476
49662
49379
50273
50965
52001
53036
52367
50275
50096
53646
50003
52663
51094
38029
64370
67641
120574
9217
9772
9041
9404
8900
7949
7811
9117
6773
8224
111704
13585
68763
124958
64673
65293
76771
70671
368824
71740
68814
8688
8772
24824
9738
12231
588230
18512
11007
12029
9291
19413
65905
81403
10425
12992
162854
82178
17524
60207
88649
41445
58741
159087
81704
17837
32328
26904
23084
41227
107364
338958
402888
167089
20672
108317
22338
22869
22457
56969
2460747
520973
520194
60462
42928
176327
20291
87258
60313
64856
32083
48578
61687
131485
93237
64378
210059
60889
52453
73929
118795
199560
46845
64258
11417
29222
12299
19813
19801
16211
13387
12713
35343
10662
11858
12151
11446
90535
10472
31531
12932
38815
23209
15418
12140
12196
25276
44585
35857
36898
17784
18965
34249
31762
16299
50898
19915
17163
13072
12511
29828
11985
9963
14673
19127
12788
13358
19125
19651
65545
29810
66369
88215
80308
176104
73191
45488
60174
72759
46544
58835
45653
72514
59686
47487
46471
46029
84385
67800
167213
75139
94031
268929
60855
76797
98483
123086
98442
60950
189262
155132
75347
211183
58719
27438
26417
299629
154278
96547
9734
11391
26826
27456
26571
28386
28727
26551
28825
27464
47803
81973
38284
27890
90758
39711
46708
30030
38953
31860
39791
27587
28772
286347
47996
39434
28554
34765
27192
27790
279666
75251
46536
376978
565149
779756
377064
282457
377780
284267
282433
69651
283298
114534
52226
52978
38020
87463
213862
198192
197070
33939
12341
13308
24541
73164
53514
13108
74684
16475
10630
11760
108258
11198
21885
38873
35454
17804
53267
141724
61626
254287
76426
112059
289449
279875
304486
283124
285502
614992
316132
281999
276625
108776
63550
70523
50743
106166
78570
190837
195260
88386
84569
52894
50942
275805
284060
292791
277468
340526
1798990
6991881
2600967
275785
561861
8786
9021
26070
14997
282218
13614
13678
18411
19248
9697
17599
13544
13647
469502
282096
283701
380829
370688
174997
565645
25873
13138
139148
331990
10596
48957
32245
22930
31341
38103
30665
25169
289207
4736354
508498
1134248
5651790
14520
10077
11814
287725
469827
11603
12021
11058
1027118
21237
171969
366659
13201
287440
376040
10517
12433
116943
2740384
172146
178453
212419
119350
406426
363570
12535
293292
10888
38518
23872
114320
10503
12561
11514
122554
13933
204104
13561
18768
33260
20616
26219
26112
19056
24710
21695
25731
15102
22911
70416
24996
21431
386441
378233
23666
10362
10993
36421
10467
48803
33374
10649
32922
11430
787187
394994
359563
476372
474032
399094
474792
505093
365769
13301
12763
383844
289217
284671
365922
295718
286007
364060
281576
372749
373044
280649
474570
368345
8513
411513
283153
459575
324331
92977
62233
367278
4297656
3093835
12143371
330825
14326
836018
22893
2096091
408420
1576781
7656708
13068
2565804
3466430
4246231
218339
216063
241717
211983
216132
217295
596936
220242
227391
32152
13115
3900138
12834
3069237
50930
50370
52309
117836
14488
366834
12961
54721
75284
284705
106023
11702
1235944
220117
90955
54722
61516
33642
63345
249585
50523
220019
328868
64709
79176
218418
214593
213114
39022
60679
61143
62661
370231
69571
70827
61911
56908
67243
59665
63058
58753
68532
58948
68134
74915
68517
60094
128785
425484
52601
87386
57221
80614
55901
72732
81011
89535
60867
109727
81288
66831
63082
20512
20311
60729
25134
35305
19795
70107
72497
765734
31269
70984
321365
67364
83843
63764
306656
61434
65598
62756
59566
391558
311002
60513
59680
61848
58694
103444
296782
770028
103451
400468
62965
11975214
71154
69461
60070
61326
388410
90376
62199
116131
61408
69155
300822
300583
523482
396269
395117
34973
19039
32484
30783
19959
63725
57887
85714
61112
527966
563690
468322
501456
504581
472392
518637
351517
523750
476225
503998
481213
1678749
494330
303605
315428
418539
704344
32545
517065
620169
65748
64769
86208
35845
28385
28952
31589
108718
60298
75059
65292
412437
242392
302222
63466
58734
61186
58557
299203
294949
406711
25632
15032
17767
14037
27099
20042
11212
60314
127516
410268
18715
22150
286129
80725
13568
59015
15811
62349
290621
59618
65624
59562
60954
60985
64592
84298
61040
76258
298358
381852
79907
75550
62223
416546
382598
297682
59699
59132
61238
64126
67385
59398
79968
64982
58761
62602
59075
68112
65851
60458
58175
58880
425183
63852
62634
333679
287500
60236
18170
17439
14462
288261
11409
296267
913051
60053
61932
59363
59091
74517
7772
26488
45512
287919
284375
62150
59964
65811
62376
478899
19689
10612
58301
12040
51377
8129
8890
8434
65177
60880
59535
298262
98293
59530
375230
63041
19002
82278
26836
147835
52921
15660
25370
60736
472647
27049
26535
47323
379256
283894
66688
58687
57761
59058
364818
472302
34207
16807
381412
281922
15715
117776
18025
706610
2107553
364486
387409
476580
728068
26505
20808
11833
293114
11503
282831
10835
18781
382632
291148
570606
21291
27365
26302
21272
8938
12669
381323
436746
371324
477559
475617
366890
476870
335900
571019
376274
479089
388986
290741
384093
21094
13968
19034
289910
15597
19385
31951
16768
298471
300428
389653
14553
292907
12550
37702
10353
22701
374788
382304
47420
404432
368338
365387
372392
10419320
2114359
1270895
12836159
128482
134248
6785242
5399771
6315880
5951824
300072
143779
292298
1338648
6009509
2304337
285125
2497107
457516
1176455
313960
4201117
5907215
728228
297533
479016
296988
3371236
1557099
675087
289475
4084808
6072142
4485013
9973170
2554709
768060
20505454
2266995
6147012
16398
177972
71316
43104
2266452
2289742
2065573
2154552
2155341
2683456
2157596
2650465
2051680
2264399
2608734
2553087
2470466
2510601
1977032
2123588
2643939
2550146
2019496
2297796
2409093
2143286
62348
23912
35913
84330
65394
26392
60871
53620
62940
50282
78982
47396
49214
71210
24585
40029
36826
75780
78119
151517
88203
2423721
2278914
2455600
2503682
48588
2023003
1897165
62482
2118829
2570617
2484433
2474272
51311
2193023
2164390
101333
1917267
4809320
2010622
2256335
2050772
2146879
2423472
2325339
1946631
2449072
2044253
2165166
2280578
2452506
2221772
2180470
703817
1929474
2451312
1956137
2094955
2146462
2175113
2101535
5492745
2029804
2453617
2125907
2176628
2119676
2174384
2146135
2426614
2191739
2319561
15705
41326
373934
25423
19712
26360
26301
22043
42963
369313
20386
11908
11462
13091
32258
384352
18880
24403
22013
16598
365026
15372
16693
17651
9836
12446
25933
10854
8979
32339
26631
133120
131284
90145
99486
31761
12244
39621
90195
18996
33983
23414
19102
16296
19976
50207
13003
37631
17958
14295
902026
859652
822866
359171
76742
115602
19035
52402
17673
434922
105895
283263
12396
80872
27006
53722
113867
13047
28539
14593
14786
15045
15313
14973
77189
23309
15743
9651
11861
11267
17211
12696
10772
14907
9921
12383
13482
11342
10552
11790
12474
16632
62271
32765
14115
11557
44142
9853
9143
9217
33167
8586
12076
34475
8296
10933
14201
43355
44464
57177
13649
36747
18619
11249
15673
18415
111994
117372
52404
102915
11718
141372
111967
116393
112068
13731
14768
17860
19704
15331
17712
33783
14442
16186
39321
74744
13772
25142
16107
47405
288289
15743
32557
57741
69458
26314
64821
87633
48409
17250
16880
34935
18345
98096
13391
15948
113396
12107
34824
40704
26697
15327
15600
14817
59863
16912
21175
92787
83935
152229
121698
12841
11656
11463
13091
41886
43038
36231
17707
82677
13211
16345
24011
74811
109001
24203
15245
19089
41245
13606
37654
17945
215626
49305
126038
147424
40002
98392
120869
77181
55708
101278
10211
34379
50589
18423
23495
44215
120067
17406
15034
77248
99826
216307
55181
228906
131332
267498
89188
356699
76350
15550
43810
20921
22809
6997463
2971916
623935
3077206
606178
6033417
11776258
340781
1783798
1125919
369936
2885190
12164013
1527590
89494
2253870
5680515
2466699
819080
7277597
1797492
5109499
11966630
4229645
7153625
28106
64114
66133
104955
195268
255638
20021
76920
13419
22275
114653
33504
31194
22511
14698
385750
24279
11304
1434578
63984
143852
15096
11469
25603
17240
35409
53904
32679
35185
19215
35855
65556
116742
16428
19280
413884
10262
12966
14366
50889
224419
44124
88158
43610
19118
76939
179502
148718
91183
51347
92325
58442
66878
51165
95670
50498
210867
94780
50590
51135
52498
101902
53611
53101
51310
55525
52285
89023
56433
67222
58110
50982
41777
265072
106046
54837
51729
51834
52928
54482
56013
53438
93299
51457
90668
51984
52488
52101
51467
53288
108955
47004
56038
158196
132899
50742
175549
64225
52562
123983
104930
132544
270809
17606
21109
11156
12342
50623
121553
10604
16547
12537
24716
10986
25336
46461
10879
34389
8914
16692
15141
14520
45321
44976
43602
12031
15278
10893
13677
11373
11335
19619
10790
14509
18107
11459
13473
12823
10981
14508
111368
11257
12069
47375
64769
11714
11022
10755
11262
11104
11113
11449
67936
94562
148687
50799
78891
10453
38554
36510
20510
42210
37851
9922956
2594097
108840
1763934
7257629
60300
3009760
1634685
9242828
5291732
10008118
1840321
603564
1083105
9594022
1380412
25824578
1055388
1220332
16150283
60473
84381
52129
51951
56717
175484
65196
107076
51552
52052
69013
51144
49670
52511
55841
56119
51071
53424
27185
40757
64443
26392
50385
51235
23998
51165
60477
51958
49874
141563
142866
59815
61866
80562
20048
20527
19394
13852
18479
23306
24498
24208
11098
11878
23182
11266
12090
12932
12645
12543
13644
2664714
2659802
2617096
10503988
33854
4047145
1564269
13958
1448993
16781
19716
49614
16508
10635
13788
18453
14010
10607
13226
12791
23823
24459
31652
12551
17641
11005
41657
24438
5757633
6050374
4047698
2437143
2108382
33383
10732
166655
18022
37094
100813
11859
14229
13757
345570
11557
24559
14217
14664
15948
15818
21884
171201
18302
11416
10543
13567
58935
60451
345166
15113
10948
29401
13049
17708
21183
19255
43457
12972
10388
15096
16602
14144
13047
14184
14317
11637
15042
12659
37559
50257
12599
85740
35324
16936
46010
36717
10639
11599
53978
10862
34597
67514
52535
22743
69233
19009
26433
21051
20295
20554
50981
51654
53468
13114
53624
21219
5504466
56665
58145
51796
41256
52201
57074
46135
41510
54580
98430
1046184
288180
42749
41632
41317
108388
55303
288211
324489
7507
13230
10158
10465
21658
14435
7930
12546
32339
10176
11408
11795
295366
31325
14543
12326
11952
9811
18187
10570
9130
13982
12444
24970
67182
28846
27465
24629
22746
21125
15068
11841
63875
19613
16788
12545
26021
14159
20856
11293
14617
30255
16988
34574
52366
74845
23648
47493
61049
15220
19359
2367561
2585460
2001529
2424275
2045048
2160750
1992549
2128081
2904103
2660875
1948453
2125257
2085823
2251852
2834651
5238171
2051291
2474603
2051004
2137213
2058995
2155065
2115774
2161820
499072
402995
497984
381655
382729
411829
377520
2015176
1163891
26172893
2937754
12530191
10027092
1871417
387980
287946
383106
374587
316899
387675
311563
414287
379043
497076
585203
793864
390534
505440
421251
384490
301264
393342
409321
299515
305279
313162
392774
421731
630870
308189
303775
507313
409107
303518
63484
231276
229615
230597
235173
391046
233937
228364
234814
236720
222388
321772
229146
477132
17062
402094
426282
246420
223756
405827
234537
216519
414086
352282
295081
590290
216655
238222
230967
218211
239185
383316
20819
20823
29254
18652
17861
20588
27904
19412
19169
323825
23675
405309
20208
397077
518688
311532
588532
295876
315696
13011
15342
28091
13368
304054
492724
442410
577851
1495379
300420
305031
26488
304269
308344
301383
23477
30245
71839
400778
26276
444937
22166
56255
445513
38505
47848
28108
16917
12698
9864
15678
17652
19321
19775
40010
29116
321511
226290
1081796
598929
235030
23876
27806
32607
422799
28955
12617
360065
467078
3195580
3498462
3387866
3078482
2312997
2796828
3308386
2694235
2881864
2091472
291091
406314
2579832
2957594
2404096
2553251
588163
2184837
2345343
20553
55690
367777
303162
391143
589932
45401
294879
380033
2350763
2263982
398319
2429060
2566123
26303
2046971
2048687
595199
2189095
2432779
212838
636444
220855
291680
2118250
2140482
297562
482388
2015625
2287059
20478
372566
2366131
2292282
2294548
2771005
1943769
15456
21620
105445
19699
14718
11670
14480
10090
8496
214901
2199368
2509078
215692
18799
223089
214913
2027752
2291454
78578
2249097
2495359
2480449
2415647
18907
2166146
2449271
2110365
2288856
9505
2046336
2461926
2032311
2278888
2419108
5029462
2108738
2425220
483992
2487245
2570417
2113730
2091236
2247839
2293217
2494395
2127494
2165239
369563
301797
2061531
2130957
484868
285966
291921
380467
290693
2177453
4868818
2129996
2245381
2067552
2513149
2160740
2896786
2039559
2089097
2138139
2437604
2185422
2066566
2101946
2093055
2030928
2150864
2110393
2168877
5330666
5660578
2626164
2808433
2111809
2295090
289014
2531568
2620199
2472739
2418568
2077475
2170716
113666
2142418
2916916
2010905
2561863
2504714
2578917
36326
2067679
2195693
68710
1952663
2213458
2025529
2138053
142636
2110322
2150924
33485
84129
2037490
2145845
1941342
51487
2150621
602034
52071
2398738
2419352
497912
2048657
2179136
2060824
2224714
2385329
2153946
2087557
2153309
1994656
2099673
2087239
53403
2396966
57386
1989694
2433191
37026
40402
67295
2177676
2235781
1966632
2079757
2134487
2179094
1970848
2238867
66172
1980923
2120578
2033127
2130515
92370
2070723
2161095
2037698
2163676
1989781
2131976
42178
2075761
2205849
60688
2017269
2133729
50671
49288
97755
2385228
2260246
75386
2471165
2154447
2105362
2241810
387400
2036186
2083807
289939
22481
2108767
2194828
2643516
2819785
2020124
2152125
2156038
2188978
2031313
2143843
2086494
2506704
412243
2136096
2202666
2159928
2244755
2374425
2862518
1937304
2076293
2034370
2144364
2174483
2154151
287409
474736
2278293
2333700
2204493
2489131
2093041
2140317
1960548
2066763
2069208
2170637
2209042
3129724
2167109
2510747
14846654
1166646
1997453
3310307
2429152
2427196
2555747
7221842
3698253
2277109
2155578
4347138
367619
289758
969244
2174470
2616393
13574905
4890385
616307
17836746
379182
2576736
2131988
1998568
2148381
327586
810470
1971781
2123407
2124001
2546652
2275052
2830335
12775543
288105
2066848
5431897
1691507
7692036
1568665
7702255
405774
3143638
407233
2356046
2699038
2139202
2500170
302225
306275
80426
284799
371906
347410
2564197
2998722
1979732
2397384
234809
69915
96827
2034630
2242219
119302
557235
115561
3193594
1775622
2074211
2251656
225783
224961
2195190
2176172
2178160
2202389
2400453
2522901
221505
225624
296795
2100457
2206453
360067
2233725
2561221
2175195
2812851
294491
304478
2262978
2366711
223810
2104621
2140991
2109327
2209972
2075582
2554752
2085318
2537237
2443417
2146187
2039456
2433769
518911
212575
20128
2159481
279644
2148226
2477799
2402211
2160864
385818
338903
2675456
2166799
278916
601074
275893
2133476
2322640
278149
2508033
2549234
1978650
2532879
220777
21525
53052
22248
20854
21117
230335
1488590
13521
10398
13317
8544723
21253
292649
2560537
2493805
2042428
2179687
12910
1603413
38704
2910155
2294852
2536651
16020
2061633
2623363
2031296
2476866
391615
288657
225763
1958935
2391577
868550
2459671
2998498
2141996
2213079
218038
2189550
2099214
240064
229821
37306
211524
130006
25105
2015925
3477229
2236813
2737860
19046
15959
25637
483748
23436
216751
23467
370946
220202
16934
1982869
2400621
47427
25691
29262
32800
37695
217785
26234
16984
220235
1930229
2080543
41790
12797
1970828
2106695
2178448
2228388
2043576
2477019
16018
18380
1953229
2101620
28235
481964
12045
2532791
2909112
76597
12618
96282
2482030
2508503
3013699
2901697
10693
10844
20094
6671337
12137
3509723
30516
1470426
2374525
2559260
15052
15183
1948896
5277088
2167460
2573715
12207
2183188
2225915
13333
29167
2666718
2530656
2308609
2587648
480073
1173252
67205
12951
16816
291540
1920859
2323387
2335735
2581260
295103
24445
2419972
2453975
2014382
2159512
2057534
2195339
561487
3088915
3989832
9072828
4401609
16425675
2496999
2167147
1165749
1517503
1486879
392880
2133940
6021791
1213768
11874931
2815324
2381450
2084348
2202168
2181890
2196186
2085582
2533086
2242995
2145931
509597
2070684
2230430
524913
2065650
2168936
2169767
2175888
2082326
2198282
2170946
2179856
514869
2237898
2172925
2213786
2264743
2213796
2512382
2038650
2172761
2097945
2196671
1963443
2247711
2080131
2186150
2027377
2176830
223952
221009
17286
11043
216529
221116
10297
12197
21930
216122
21268
506209
224232
221327
216606
2402973
2280953
2195505
2195591
213312
2023275
2471850
2053491
2590583
2060500
2237951
2454870
2163422
255195
27886
2203879
263388
2792143
220750
2120243
2203423
8812
220768
217882
225535
2093364
2223184
2105197
2508086
2782057
2093837
2091141
2189376
58948
593810
235917
507034
224097
221379
221730
10760
8757
228937
11909
11907
11758
10244
10727
2487813
3342175
2538913
2240562
9485
2108405
2908044
10234
2103597
2222310
904958
2148984
2611368
2403008
2275099
2187185
1622154
2255948
5538425
2227598
2562234
2103421
2224720
216625
229987
3935282
859512
2183760
2687447
12743862
2050615
2204700
2030634
2167578
2041642
2187380
2081688
5045134
2093432
2162234
2138844
2372153
2061393
2165207
2086218
2198299
2021256
2163550
2064124
2190517
2106985
2193629
2069607
2190618
1988749
2145610
2043323
2177811
1982984
2406828
1983839
2153145
14602
17173
19587
2029398
2478432
2073974
2115174
2405351
2292905
9661
10138
12695
8567
32612
37147
75161
36303
36012
148911
49153
37815
16526
30628
4887971
91845
395744
387755
398280
544117
18654
427317
17665
16766
766785
517724
18834
524421
114114
402391
401888
397043
386377
17277
385823
396733
515175
16851
57753
59535
16677
17791
185865
96655
31003
89285
50736
399318
399134
34651
393230
391385
403061
405871
24132
38919
54080
39803
145223
113582
38684
238574
277982
134678
303445
109851
508142
513491
396391
391136
399294
384073
404178
388021
383260
402571
44275
44272
41981
34813
50213
389153
522735
384139
786147
35445
394807
23968
69746
28838
23856
83931
23686
36824
24543
32883
54417
61518
38777
62722
71115
79655
2212886
2173830
1943414
2082336
2020722
2268225
2104557
2173657
2043812
2098362
1971806
2090059
2056729
2341504
2037069
2870724
2042290
2179154
2047452
2136176
2256638
2281682
2016436
2142472
2008248
2115857
2038208
2158625
2652148
1920424
1978622
2215970
2362566
2473018
1941721
2092723
2061998
2100917
1875761
2247775
2476809
2404342
2139257
2023859
2976895
2113229
2181928
1939033
2212915
2072057
2148271
2072895
2161408
1927145
2069475
35946
581912
42619
1970121
2119758
2017059
2243200
2311135
1954552
2089861
2077948
2048412
2117931
2136854
2141691
1980823
2092707
2034415
2146993
2056826
2089244
2112887
2136780
1916145
1999434
2178656
2186685
1961840
2114115
2020485
2453793
2162257
2140271
589917
1991981
2480921
2044949
2145356
2013668
2156153
1945338
2037390
1898573
2083859
1877928
1834940
1928648
2337038
2274996
2183409
2774311
5606897
2548757
2706666
2833540
2844392
2706667
2758011
1921074
2034042
2184503
2229275
2220866
2161813
2078611
2284642
2176366
2241853
2184046
2261077
2191621
2290144
2205495
2272769
2164583
2352529
2248298
2270217
2188707
2216058
2135015
2270868
2196723
2206625
2067142
2269450
20578
54494
12399
37841
17999
32516
31220
94189
142981
106058
429008
83219
87541
105207
345728
102665
336994
11447
8279
12434
25863
67395
48469
8394
19878
11261
14273
80187
11061
116723
46838
123993
10469
11095
102616
64310
13164
9026
8310
12569
8461
13299
13782
140421
9738
20445
11326
65956
169222
136990
2154040
2301592
1919688
2422927
1893753
2098936
2144151
2188425
2589549
2119041
2114993
2263654
2488596
2212562
2267004
2350605
2108133
1925952
2061979
2008007
2121994
2060853
2156818
2043599
2205128
2076571
2078633
2031977
2106230
1928695
2067405
1970245
2095934
1939559
2018980
1886068
2042283
32896
116852
33255
26984
38934
139529
34588
116886
20832
41837
24902
38198
27739
41932
33113
20327
23426
23928
52312
17786
43896
127794
86529
61797
66207
109525
26212
30111
24413
19441
14141
27423
32780
176988
104679
20930
65447
154599
44078
88589
179282
61289
39714
22049
32718
105336
88802
32767
50880
85570
1555554
41567
5736640
105834
27105
65849
61999
50767
97172
34963
32878
9434
11991
11832
29764
35130
41672
51555
27278
26543
25018
27013
27556
27652
30247
39487
46385
12542
12695
49111
40342
28785
11347
10638
10244
21651
30731
8650
61188
90328
19013
39450
17500
63510
100911
26475
9665
196631
7820
11479
9688
38545
14250
48193
12951
27740
11849
28120
10451
43139
28498
2794207
27330
35408
33048
35342
116482
53951
34139
32085
32872
63614
82778
47386
27152
52085
28021
27494
60441
11348
61256
26457
27240
8332
8347
30167
10216
67030
54799
50273
161371
160821
27792
104502
29329
53065
80684
27411
117589
34019
173760
71505
93054
76441
10255
8064
8537
27332
95997
54417
27074
77668
127284
27052
35050
26928
48637
52878
47464
47583
51491
119688
48537
62147
141048
126481
95307
437507
90066
76389
90901
350207
78376
79045
76080
60583
32221
68739
64898
38794
48780
167709
196592
75308
239564
74108
147741
11459
133587
123833
1374551
838980
2211846
60660
50382
18804
91852
62382
256507
108089
150135
65429
81691
33316
63252
2913748
4333591
771689
3656486
155347
3475165
261066
3478465
7280642
17019196
7694009
124578
5522402
113678
111995
5310168
3493467
599528
81338
523309
82997
141505
1496097
328080
2551865
9966641
126648
125398
242821
223392
203555
194329
177067
122457
116595
215082
94161
120459
173963
158727
606768
91460
437558
113995
212608
3379853
681269
438142
223430
214717
13910
212506
52302
15596
110226
111028
170707
65393
37415
61837
7152348
6713512
213154
92541
76165
130265
3453443
253770
3430386
2681960
216817
35711
49406
117621
54399
113151
113494
51324
83515
109558
51357
121407
149479
218941
128170
114173
52067
142805
113930
113578
111920
76915
117231
146095
111891
166036
115922
211567
50110
1102906
1068613
3751374
87552
80289
202149
134456
171874
345036
143365
146045
3589620
183283
3943583
8139479
4920367
10676294
241372
110700
186814
97371
105107
89253
54320
376050
88124
215035
17804
52862
124471
115896
120924
119670
255965
53132
65030
62130
50796
162358
64323
116118
122160
68037
79952
288775
50733
913312
155762
113467
118200
120298
116257
147866
114681
116941
217292
52984
148172
122753
294812
32466
38391
148183
184862
48998
116930
75057
55005
62929
74509
240474
179634
118011
606664
573065
95643
120684
52747
63900
171431
80171
53967
49779
50267
206929
317926
129229
245645
734021
119417
168921
116707
135409
144959
68409
113888
117879
280624
105473
113689
117672
120829
116111
145079
155488
278129
188299
186009
120914
238046
127948
53336
120557
231022
123178
192492
26321
154467
14568
43253
14323
187120
156258
128499
224563
222294
138608
110626
122041
241696
4413953
192216
2303861
357536
256972
279609
307355
249295
233786
15857
127156
244298
228748
236366
119265
481476
242949
119882
229796
351854
116662
223420
170375
237056
193295
154135
236338
228541
233527
228880
156414
147656
233855
283285
276504
223222
184104
230917
2463981
162011
336893
118220
122321
157923
118222
321911
139835
123366
30893
32667
193958
67562
41374
93361
163391
1167401
45881
79733
75416
41945
41934
44816
161910
29124
72185
29321
76797
201083
45404
82489
148407
37846
31511
166503
43094
2686873
4673909
1081274
74124
29545
108989
146123
103533
35155
180057
246327
122961
57471
189309
124390
189319
133813
193313
124368
50310
214171
134361
181839
91837
137670
152109
494324
215826
52912
62320
56839
145763
2039295
4469930
104970
94665
114950
159647
51797
52500
240899
54965
179753
62186
38484
5378371
32621
3644038
259997
279319
398306
136690
251777
416123
223025
114466
229083
214195
223423
281597
343182
215293
277252
278117
221230
396897
26657
219072
24499
37786
300790
24415
218774
220079
226815
286269
234308
104111
17823
24292
27476
20021
149094
52733
61572
136548
124908
47749
27080
70950
73768
20501
47715
55259
50853
61305
65111
104006
13765
39046
12460
69811
143549
62780
220026
49812
167083
107649
77185
76870
50421
68078
91418
93143
49525
90282
122783
182064
105423
50027
101801
52166
22763
18965
17118
18709
17889
19590
131414
17713
19415
17169
17024
18879
17480
34943
18977
277780
124994
75019
31890
21782
19127
55246
41937
18014
17525
17971
21145
18219
18272
17408
16929
17502
17149
13784
17354
18171
17482
18195
58473
17025
18958
55738
160639
18473
89926
80143
399065
54347
63722
141582
17517
15261
52446
50436
15923
70158
14564
17745
17434
52013
574745
147330
623559
489921
292911
388337
331365
311318
388962
388554
392316
389402
295648
583813
576886
293241
293909
425664
577598
296219
293920
391033
295364
572889
503530
388930
481314
296980
424114
590680
327615
291161
935446
9325
290474
385329
390950
396706
592957
411192
407654
409891
1071202
716349
298570
293745
291631
292789
408318
294996
384973
493328
384968
296240
52809
91629
51540
54068
116741
144541
53752
447287
2279595
2663705
108872
90957
90888
129764
76329
15957
68901
65497
25790
95489
339227
82574
80554
49504
76962
123277
72139
64124
68486
138728
123496
64145
64319
52418
142657
54274
154515
131963
67599
121331
163630
76075
181477
110584
86951
73264
48953
114229
227289
49176
48759
53947
210678
48443
155783
89340
155505
211539
63543
272532
74499
101060
128296
286464
11863
13088
19022
61220
116304
164698
64259
12560
41541
14502
10982
62246
13272
146634
13302
11475
18203
17817
27005
97506
198223
17946
31135
120584
19538
48878
88917
21942
20197
11618
36819
41759
12851
10458
10430
10666
10618
26970
11414
23123
10792
10822
117305
90630
51121
100620
41562
126664
191705
55238
140653
122682
62726
26047
49299
102447
114701
25947
45065
61827
50935
240471
75441
151051
50922
239709
56995
140202
71493
661750
276556
339833
61494
73574
58091
85570
115338
109598
3932110
3562276
188890
66593
2028188
2240291
2031274
2111513
2095326
2436870
54341
49536
2198199
1925819
1887998
2171185
77403
1945342
2144127
2001209
2124022
2012743
2143487
2438404
2132198
2040281
2146463
2049018
2093916
2019482
2124105
2016495
2102229
2016526
2096235
1979804
2242360
2006268
2172803
2155350
2145744
1965958
2121627
2130292
4860949
1988192
2446699
2017956
2136095
2040694
2278262
1918563
2359216
2068844
2218629
2595415
2403362
2159852
2334241
1877307
1994616
1978033
2117496
661198
2080973
2154484
2467055
2124778
2265100
2122297
2075469
2145270
1937258
2221898
1918345
1983087
1975606
2039685
3613705
3790546
2062372
2769977
1910324
2686599
2358407
2138652
2013110
2446542
1967031
2100342
2093237
2096974
1987644
2270466
2087391
2341195
826043
1991613
2367532
2097087
2152411
2764092
2459373
2078458
2335096
2186629
2105939
2055478
2214681
378084
2252831
2429185
2425177
2174182
357301
2050970
2236923
2295687
2153587
1924225
2218312
1998045
2084044
1944436
2123071
1948208
2397527
2044276
2088938
2176894
2126906
2019859
2117419
291574
2019403
2120572
2250423
776240
395968
295814
320599
16931598
2008534
2708916
2360029
2403220
2404150
4932541
2262599
2112341
2029054
2106102
1978583
2463070
2212428
2040917
2156771
2441022
2353249
2473537
2085809
2161345
2224395
2192533
2375530
2477199
2355150
2479432
2020365
2149691
310047
321363
475124
278631
286731
2540198
2255348
364928
2296264
2083945
2004356
2164537
1949298
2083897
1959074
2155945
2009579
2356420
2321168
2453204
63028
2424724
2477016
2299653
2203821
375263
79077
2098021
2699545
2235352
2129163
3751616
3649823
2693385
2517515
2114170
2599760
787411
2149406
2860021
285267
570551
281651
75759
93967
49337
66091
2535965
76664
2511585
3883528
1929385
2943987
2009393
2466493
2028163
2220136
286812
284903
2438605
2875251
2402294
2544988
2447064
3361471
286893
530434
2091100
1986326
287817
2652733
2667655
51243
668980
2034215
2221786
2441103
2226254
1979497
2411218
700407
611147
2483114
2171810
117838
609974
18425
15826
287444
49255
398539
2126705
2197831
2014624
2392365
2001608
2101953
2049092
2457993
2177094
2224446
2178169
2657486
283708
76736
487782
115837
105748
2208339
2658063
121848
1991156
2086468
2371933
2491969
63795
100420
100462
2330002
2151397
104858
2393640
2482728
2509436
3719922
2061797
2656160
2102012
2486521
63656
206844
2786970
2561153
2101473
2427967
2397993
2202517
63191
167328
49607
48099
143981
118947
2290648
2673764
179492
2271604
2785990
28817
23868
2454433
2252137
2335708
2210072
2113097
2120954
2065356
2165908
133786
2364891
3007062
1964397
2509405
49878
73777
2477718
2899995
2480254
90879
2892741
2114233
2473851
2335706
2222690
73099
51278
2343448
2648599
295493
50091
55465
2617350
2468430
93815
2441175
3561137
88206
2377725
2873945
27850
118596
2154326
2485574
478741
819774
369155
90645
50760
22682
23713
485414
285393
40496
291770
290090
39116
563959
175136
53822
291548
27521
279321
468957
282370
51964
295412
285091
40223
476451
283292
109679
283933
39257
125827
283818
385414
282486
49285
64334
323793
286738
303797
281294
63862
282170
284372
396719
294084
486949
49028
114078
51424
76601
102897
56484
64336
282944
293243
67716
281637
278045
61413
282710
48121
283215
39559
76903
2182001
2203487
2376472
2155432
2016385
2150585
2025885
2478320
377901
380106
424118
2913270
2677565
57295
2993426
2941776
376876
369132
2170494
2530749
118011
2297677
282085
322513
281517
320445
2871061
2945981
2069099
2786464
289688
1892637
1914968
27515
30047
2085014
2188915
92192
728973
298652
297028
81363
286824
420993
286443
49073
115405
67186
51349
2447005
2767517
28482
2032336
2520949
24520
23871
120793
1539130
29029
2011031
2536605
2052539
2623851
23726
286922
50839
56537
30914
120309
2124141
2864366
50269
64646
2483205
5451245
229531
2387794
2542973
2209274
2547422
2028742
2163937
110006
3054790
2683557
2123536
2561613
2397920
2848685
2418635
2548041
2637759
138801
2584532
79672
2797602
5461928
2343741
2348470
2489395
2206371
2324308
2505639
2638746
2826256
2817469
2610808
2420802
2825189
2429781
2570669
2029346
2157163
2016304
2494269
29249
2455912
2524264
2129096
5197387
2479701
4557586
506261
735451
65396
63770
2661014
2902663
2108542
2201507
2388448
2465470
2286855
2893018
2636097
3445229
2514853
5274437
2634755
2510537
78433
88153
220518
2307945
2190281
2459594
2519122
2408130
2668985
2011377
2127429
2822964
2616326
2445570
2494797
2255198
2408779
2151378
2500756
2447721
2507593
2505282
3251153
2459960
2849862
2366189
2204841
2469312
5121311
2787840
3931828
2175259
5673740
2407957
3608588
2370618
2515684
2480570
2480050
2337659
2513195
2660278
2904338
2363834
3708672
2430481
2533259
2535323
2980341
383670
3261586
2837208
2514143
3762435
1164806
2260485
253509
2157810
2931832
3035693
3617810
2419626
2932668
6038852
2409958
3516502
2655374
5811921
2815927
5398631
3515174
5355210
5089650
2752620
379859
49521
50138
51343
480541
758562
104761
599275
698306
75986
265852
57694
113731
402374
72400
104509
80847
64205
83442
379360
61516
121921
54962
61385
56680
50889
51460
294901
394962
287997
595656
304114
57963
426527
444085
442590
349691
699184
329121
309677
443560
508546
501645
335619
533037
2189209
288149
30513
19583
14358
33671
27533
27737
87018
235244
273751
563694
207015
134741
174919
246765
134906
137959
210479
131756
100938
364355
167574
369017
324962
69046
174288
353504
222733
252541
91852
424079
568962
148261
195628
312477
358806
337128
99419
612093
41224
112426
1388031
663754
174492
265498
83064
94598
60582
138905
68213
19790
24770
19023
22726
23016
84182
27588
169641
77006
325448
27389
91794
88958
69346
54281
101932
362543
106294
112159
470333
415188
23239
30842
25151
44114
66502
42792
101013
219081
109043
43398
394771
313074
293682
101980
226569
36771
27498
69627
68396
14504
23790
67672
91302
133270
109353
164253
31568
120514
215506
150470
17053
17281
17882
17020
103577
18368
68321
17286
16886
17570
17272
17691
16349
17195
16600
193470
67487
84377
159535
69297
179241
148878
117854
356472
327167
185870
267271
214839
279079
119494
100888
17353
20040
27541
12833
7978
114494
6967
195731
49772
41700
60090
49900
9692
11755
19173
15229
8538
8413
9577
9218
14510
11716
14404
15418
216706
225569
10690
16654
15022
17957
20695
177713
141861
10812
13297
21225
3848084
234080
192216
12145
13340
12312
16546
13052
71381
26067
20691
18667
24535
11430
30857
14854
15841
73212
85675
109508
105079
286050
12748
124595
20785657
17219390
19246
178365
16795
159929
183239
68165
84574
86234
144308
9820
147969
12886
10584
15399
80715
123183
115237
112361
12619
494227
770540
116566
187097
94133
68406
68121
169780
22615
16326
127214
53927
16019
44847
15657
26239
110980
23393
30933
77410
10331
93660
22887
10722
23366
33525
12256
97821
62965
79325
54215
43984
44417
149884
36727
33155
23653
337914
85858
130504
23380
562546
246415
10934
10757
110445
62496
25110
58687
296281
879657
158699
346255
235817
1052724
109296
26651
13023
23453
20522
19571
23018
19619
34312
38559
18560
55364
19242
19175
19401
19229
19186
21133
18947
19550
21510
19373
34648
61027
18832
19681
85934
19885
19696
19242
21251
18808
24070
39612
36160
12864
12899
330829
39108
19333
47412
25514
50110
22777
57721
26083
53706
52569
121012
26993
26596
28908
38701
22068
42740
7157
6947
53394
93705
7180
64145
70351
197953
105548
176042
55196
59711
57993
95584
53630
54089
38030
39734
56707
42793
65501
103078
27756
91230
68992
31600
26828
89878
26051
107770
33633
34554
190119
19512
51550
143530
56773
51871
51519
40788
19225
53782
19888
12404
12299
12386
15852
13172
14009
10928
13324
10053
12714
13151
76961
12246
14895
15294
12154
12817
12710
12316
13250
14716
12518
13062
12622
19756
14291
22100
13573
12846
13958
12029
18740
10466
14553
13557
10559
11143
13747
10921
10705
10975
13881
11978
13104
12741
15519
14404
14918
13989
14011
15468
13241
13404
13387
13401
13293
12826
13254
13431
13409
10097
10813
13984
14190
13866
10692
12225
14509
10280
31103
27303
29653
39606
26949
12604
14001
16667
15362
13532
23027
13438
13555
13350
14148
14590
10091
15200
15024
18014
14145
13854
13995
14798
13808
13121
12649
13255
13979
12998
14968
12933
14039
14989
10154
10171
10285
358778
549993
345116
7666070
1765749
415322
2463155
731263
1519139
816064
6571205
5093067
1626111
6289594
2159105
1001622
7503121
3929789
38228
2094000
3158924
45811
283273
37009
3808540
40077
5500484
10858344
719310
8851569
1089782
22077
22293
19097
19064
18882
19561
23426
11491
9722
19893
10658
10277
13290
11724
20111
11315
11085
25108
9692
10144
30089
18983
16816
20322
24657
428832
200216
1240078
776262
69021
128131
22683
22426
14464
17888
13973
10137
12149
10152
20315
23346
66354
127267
77220
21325
20344
19969
35684
66204
69699
65566
69642
66692
90467
74885
20144
21934
20822
22182
67312
1268345
20045
265401
10494
16290
19184
15915
33688
289499
108174
91948
87798
681115
258987
776339
126104
44418
62521
51574
37527
59327
44983
343579
857647
92066
66066
294468
10325
11679
10150
239280
15483
10680
7552
10879
57395
89370
50435
52182
33381
14975
10718
31943
102184
14800
17066
166161
18490
19944
285022
378322
380595
298097
284476
376675
287846
281718
753290
279442
295185
288729
278422
301651
276662
385206
285333
34334
32363
279770
287414
281428
291334
32088
289829
371941
296223
44841
32860
282757
377814
69668
63200
50455
49353
50200
50091
50577
50964
4676165
15585
14656
13916
29432
17996
10743
16234
10727
13228
13706
17005
14867
14146
23299
16718
10725
10416
16943
11118
22885
20329
10217
7301
10457
7419
14569
20450
14723
333051
2731555
6312515
1440761
54956
95293
216204
67897
83279
16364
13194
16146
25148
76469
22309
42521
24664
26320
21508
20340
37419
55204
110285
60884
95054
149873
86794
136360
63423
53233
165806
79154
75285
254411
80092
62179
106973
103878
79470
61145
177105
68157
146887
52295
67654
151393
66228
63375
50578
91795
81531
69585
52687
19048
16407
190092
18874
14746
11369
89360
15648
15296
15040
15780
15713
15909
15394
15512
15554
15864
15219
15394
17806
18974
16848
16223
15678
15088
16839
21172
17176
17666
16337
16589
18334
16542
17008
17605
17870
13069
19507
17996
14557
10990
21565
24323
9033
19162
22206
21254
26642
22550
21261
22030
21670
24183
23470
24309
10951
26618
22656
23155
22680
23158
22983
20307
67895
19712
23880
68465
75068
23955
16314
24484
29608
14934
25113
25320
25530
26902
24898
11324
26714
25425
27671
24736
25476
13340
25204
27739
27467
25196
25923
26093
30107
30716
26385
30274
28189
28421
26628
26676
27187
26777
32121
28524
32135
27485
51206
31915
28340
32568
9802
10718
13106
12776
14764
14736
9764
11796
11604
53609
48155
59655
47562
12752
12633
13263
10557
15203
17205
12766
10065
10543
11613
13612
11528
11246
12565
12951
12526
10725
10860
11260
15313
12980
11736
12215
10798
10618
15014
14159
11577
10440
29850
12289
10562
11904
11275
10374
11328
10824
10175
10861
9871
40986
116258
19994
24119
24288
25982
49736
50768
49797
63522
28707
50502
704207
45313
168432
35531
63617
35677
36500
36284
31975
48418
32613
120927
32383
47426
76197
52023
49294
502963
132330
224017
233134
63701
266016
193569
212640
941419
150944
184479
1327687
228444
150659
12343
11734
11447
20475
11926
12310
13994
14090
11837
12249
14281
15052
11583
19631
11997
11286
13241
12191
12967
11011
65791
49092
65051
56126
254669
253801
69460
51764
52531
117878
50696
64466
79905
146880
52214
76212
89972
67490
53063
77859
92848
78881
94158
90643
65939
91121
79323
122333
65464
67636
103314
118386
64738
118035
117847
52360
102136
77030
90628
73735
71154
89356
65581
165646
152796
117858
238575
116654
64960
67479
117233
164124
50728
51012
104130
50479
35906
31705
31594
31355
9959
12062
10875
31014
12554
13098
10993
31804
10613
32229
10733
12284
13480
11096
10165
30648
32922
31410
32340
30479
31659
31628
31885
31907
31581
32063
34753
50098
56138
71626
33992
34092
11686
12293
11762
97777
51724
63699
117866
10697
33809
37709
41081
50651
13453
14202
8259
13568
13285
9936
14579
9864
10428
7012
7759
79794
63374
146948
55946
7008170
49824
50964
51982
55789
174791
278603
49223
433073
269583
261430
15086
15330
339042
15631
25558
17950
12704
18493
14051
19633
150575
59796
12848
47612
46931
48606
12996
51273
86113
15845
263511
346710
257915
789793
584300
260611
331413
629515
178001
65394
64332
120492
178617
52702
89743
20616
215386
67085
263227
104794
66452
105655
92767
151616
109563
163817
195625
51378
68128
78610
105736
63479
113022
50022
142495
59947
51109
50220
79039
53389
405618
122526
103195
90727
93579
129112
93489
51059
156553
64436
52302
309994
92694
82013
51680
68763
51963
50734
102162
106051
59091
98542
49036
33949
93669
41104
147576
40569
56157
755725
693885
689031
684670
770170
781427
12238
11247
15010
15082
12796
10894
13426
18332
13683
14520
11486
11646
707400
714573
13325
10143
700388
713781
718433
745277
8747
727364
728086
9335
693924
703268
705964
754674
733324
719758
696309
692473
703822
726420
722415
699026
54923
784886
748527
842485
702501
726547
729732
713201
720954
740681
781741
759344
713127
727515
702142
718741
700021
713311
697032
733698
45469
738215
752547
704871
707250
759317
781204
697807
723052
735104
750424
753731
736032
704906
706911
769002
751636
734756
749342
717051
749145
704681
699061
711078
736499
768569
778221
699493
703924
368243
764731
768910
14520
17413
13711
372075
213711
33599
17227
5584169
25592
21260
20347
14125
10611
18084
22229
14522
10878
17914
10737
10577
21703
721206
12098
2837299
697913
36941
4762731
4789614
2232998
774020
711154
745021
760982
714295
737556
698206
13330
738929
748110
773821
714443
734333
703074
785753
698916
744709
3066542
15504
26756
6980487
6431985
40258
5742989
733855
22828
376488
377529
23757
10900
771932
15966
2054008
2351979
12923
18507
14958
17020
748120
760933
709598
725965
742668
755740
715416
742355
738140
792143
731980
790269
757489
782650
2332029
25855
222425
400299
6369776
14182
1216753
16977
2841575
3641273
14744
18051
10911
16986
20306
48513
17323
22098
9243
8949
9810
15010
11414
129100
265239
36929
10683
10786
155742
117013
166082
104678
2148754
3246360
6382088
71873
13697
86657
12960
29432
14453
17793
19988
13926
11651
11768
10037
21390
78675
65591
66993
17378
39622
18421
9687
25923
10731
66691
92156
70642
18343
13625
11071
11800
65927
13247
13086
11927
11759
21988
23444
24598
8813
763526
734521
796715
836024
724079
738948
744962
804504
733638
728297
769879
741118
772333
723758
741008
750882
737927
839615
730905
738002
734807
735589
769314
795354
773870
747080
757368
735506
754378
773964
763564
834077
380389
381874
186845
16550
3909767
3921025
3045576
2503693
906763
553506
19335711
18578
9078
12289
9859
9552
9490
15621
12872
15902
10445
10998
9158
11149
9718
9976
9225
13448
9378
11821
9601
8582
12558
10959
14757
8226
9644
11078
11115
7727
13045
12015
214499
9446
11482
12183
25024
10408
11360
13343
8789
10182
14723
26739
16221
9638
15425
12028
11941
9241
12790
11401
14799
13819
9667
11501
10973
11622
9850
11359
377614
8746
13133
9847
291469
7245
9591
10974
38209
12716
8246
13612
16518
11319
9201
287177
7636
18091
9036
8585
12331
20506
10433
8318
239736
13164
8937
209338
163374
21016
8004
9075
9126
10350
11409
31139
14600
9301
8968
11013
7713
29397
12461
76708
10125
8708
10197
11567
12696
12583
10727
11936
10800
8264
8049
8574
9810
14465
12547
8328
8438
8173
8108
9465
16629
12701
11908
13548
16901
16539
9090
11717
7866
9498
4765091
595368
4895969
2876107
24447829
4487196
15249004
4146926
1797545
2369872
840311
592422
3472045
2685517
9253992
4831341
21193029
256619
32483
9022122
249315
53234
342578
216381
217970
218317
217428
216451
218071
225582
350744
216477
220999
218097
344950
217233
224162
223871
217954
221228
347994
221772
224331
219183
233539
234540
220322
224231
222676
222684
252462
216565
7215416
17917
17623
14556
20032
35501
14680
16649
16547
32283
51492
32861
32049
33961
32526
24190
55927
12818
11438
12254
19518
12460
11433
12079
10558
48287
106641
10302
14277
11801
13366
11586
14809
12193
14504
10918
12270
13746
15338
14479
18587
14601
12776
11480
12929
10050
12170
10562
13497
29287
28812
35566
35684
35119
34760
27213
47571
34264
29091
34827
35156
35557
34859
30717
36759
34596
35371
42810
34698
28522
39143
36538
34647
39128
34306
33769
33040
35019
36473
34500
35864
34912
757694
765106
727784
733167
725614
825720
718390
726714
764170
762510
758017
760884
725509
733716
728804
765085
747347
764382
713590
733664
741942
863982
740107
730407
719228
729818
749775
765259
751483
790146
739208
753992
744495
765129
762026
783449
722093
732406
748442
754577
717350
761372
783765
65306
763793
787206
759826
776644
1135760
829661
751380
801548
769425
782748
734802
757419
723845
835680
81002
63720
63874
96104
715576
784981
727288
722508
758259
771076
752156
750269
771357
770823
743034
761473
760333
1126137
733444
736705
867804
795536
728379
728163
752749
756994
729112
722576
740768
744779
763352
779383
760717
777741
739361
757804
382924
54057
92259
371585
382309
828769
794581
716679
715301
721210
730303
722037
736790
604823
407023
1120749
768106
724959
754723
764291
1128935
758812
757962
728322
733110
1136125
782620
1181372
808882
722226
756697
727849
1072326
739824
741513
836541
826195
746157
763293
1218385
1196634
786363
789958
795079
786960
747607
775882
53799
376636
382486
52433
498262
54680
51376
79632
52640
379480
69629
72849
60608
746952
724792
747869
774014
733600
746178
68035
710686
721405
727289
700759
753592
776829
724764
758018
737799
761727
747270
745403
742003
742893
1095578
800966
729432
981885
720040
1083814
799654
66972
808952
793299
781787
736318
768800
785384
798785
728723
736812
706333
694847
754497
770548
828651
763902
703462
697729
754333
769891
718241
702537
715054
804985
755134
770749
710685
1041231
370254
368921
395708
740180
749182
1181103
841176
737095
1064614
803280
1205940
749705
767589
745299
761120
717869
1054998
764124
770478
706012
700896
717377
768002
703496
711420
726880
717177
704455
701034
713754
743544
773024
770257
733544
742052
709331
1041789
709467
732883
717365
705011
1112650
781214
726155
1111047
714016
738185
711285
1054201
720440
728024
700885
709660
725796
756013
743197
749856
730610
1077078
1114710
806580
720923
736941
747766
746718
712040
709524
703510
1023361
739332
751720
1126187
805649
708338
362024
745034
711891
922405
716083
758395
757675
765487
788523
712385
717672
819162
701849
712526
727433
701827
703158
699458
707836
721325
721414
377499
707074
720667
708959
718213
1074601
735490
733818
756801
779711
738127
747093
369388
608592
362654
367113
707034
704799
756608
1098459
1132433
771935
1138022
750847
1129164
807780
765098
1160744
704051
721464
744378
1083102
755475
757409
716918
725700
719445
717640
696803
702793
1095413
809952
1096547
783530
709633
701432
1063977
763482
1111467
783135
744890
737150
702918
1049291
713254
723599
717182
1038124
1125147
844175
704585
710967
720254
734137
772556
1071725
752575
763288
1073574
750337
367327
754161
778079
713662
721105
715511
721152
1070920
760060
1179753
809583
706881
738324
1097836
762060
1074313
760087
741136
1028984
716309
747580
1130863
1033118
717745
720572
714597
728165
716714
714782
1122884
766951
1104245
763000
853748
1132139
711981
721632
1061475
750625
720630
1047731
710719
703506
742664
726709
1118071
1099671
703924
713209
719328
753736
1111376
768059
819444
1257344
1075495
787107
711125
1050226
713411
1036039
696786
700628
1085545
799277
709674
714120
721716
1036567
1062207
1073332
720777
707366
1059665
749748
703520
701708
713449
703083
1109891
817851
706209
706029
752653
740742
740815
1082808
1124327
1120122
708514
726038
723185
1067667
705186
701531
708020
700277
727771
744120
1151841
787668
739637
724774
1105269
800272
1044423
1087655
707035
727448
698359
1039111
1112305
783139
1096204
806953
698739
732925
1086891
776062
713392
737768
709458
721770
1050236
698259
703734
703585
1031203
1063481
713692
930577
720839
707451
704828
705402
708388
1037147
1093823
770658
711054
723798
707614
723589
713391
750297
368277
715237
1065363
726048
1068756
735030
754547
705647
1027813
1153198
1134524
1100507
1337701
702300
695282
705002
714515
700597
1070668
787551
811494
1149861
1068521
1096562
700540
706403
734342
753685
755989
1087939
1110582
1046870
1065796
814159
727979
720495
719499
1082885
810028
1086346
766707
740644
736111
1078829
1095005
701143
702890
741153
754498
1077997
759655
715040
715953
759537
761834
1195397
1112510
1071383
734701
1134656
1141404
1101780
785317
716353
724511
1077002
1073828
745372
745003
1081110
804255
1069239
753568
720423
744748
756187
1119490
709823
732039
1084900
786369
717772
726295
700900
709230
735320
728955
725152
726799
757300
1074949
726741
774659
716800
1085953
719268
741122
1113653
1132224
720709
749475
719836
727108
751537
750123
720262
1075344
1101501
796014
1027931
1031891
726100
1077476
738686
753730
757844
1128940
718247
712893
1073638
736693
1104419
1084798
1084712
1112746
713909
713973
739829
748951
836517
726117
731078
731111
705452
706814
1111643
802985
721870
710970
745010
1091461
710079
709222
942421
1064108
779697
1095606
767535
730291
1078251
706349
713139
718965
725237
727179
751370
733608
1073862
706831
726312
718826
733262
705335
1042101
702770
706035
712745
1097155
783259
838753
751147
704876
724224
1144076
819877
1045055
749481
1138937
801179
714484
1080994
706611
710303
721742
1040307
707278
709982
743532
765850
1049399
1088578
717654
1091224
710297
1036989
721138
751509
748448
744313
729846
1094940
1112532
1126966
756475
1079937
1076468
776881
753596
1131934
1104368
1126596
1101718
1118888
1095273
1131740
1055248
1043971
1112016
1130201
1118941
1106002
1106086
806698
1092323
1127206
1031446
1081102
1115068
1125520
1105042
821717
1116323
1134311
1069016
1102816
1094724
1100867
1094326
1090020
731324
1075652
1058083
758416
1129369
1132879
1153503
952597
1070358
1073051
736156
759363
393231
376047
1063706
1046687
1154153
1152686
1144713
796767
1042685
1083999
768647
1205315
1212720
1058151
1027063
1101050
1124349
1100458
1121365
1105406
1131326
1082067
1108529
363906
369941
1038472
627876
632034
692495
961307
931449
982719
962455
718631
628398
891626
882002
874798
951116
956804
999604
1066449
892617
474637
894822
880093
896032
888331
884505
891357
879592
718296
994380
375460
478985
374765
1009351
1007594
979982
967846
952071
964259
888048
903920
901362
919031
963120
974192
893394
913018
984433
1024907
387454
974580
905784
884715
889537
913882
956261
894766
874538
886813
900309
1007174
1009660
903441
933768
939913
945392
892370
906032
628797
633610
888745
932090
939652
371320
914415
915216
882419
879079
885645
904077
13320
10367
9140
9912
8661
10865
12126
10492
24226
9460
10578
8405
9994
10734
13160
18392
8964
14687
12448
15315
17553
17361
17859
13802
10853
9500
8975
8590
14021
10138
14952
9490
63311
10905
8800
11158
12792
48850
21113
95046
17721
52635
8506
15657
9038
11391
19482
22349
47268
9609
11009
10642
11563
11538
10006
51048
115540
49048
14137
9333
36721
36218
36537
36352
37448
37091
40647
31617
40695
35968
35706
35646
35834
36677
39247
35374
35369
37164
35919
38873
13012
11788
36326
10454
9610
11469
35722
35568
37662
37374
42163
14613
11367
16754
13140
10823
10521
16030
12778
20895
11881
17455
12019
11352
9682
15905
10270
13997
35868
36254
37463
10525
19140
14994
39398
12969
11044
12728
15040
14220
13538
12724
11597
11726
422001
181448
306426
117733
85840
12266
11462
73622
82676
10321
12719
15975
20864
21944
12887
18436
11073
16255
19337
16528
9454
15125
13647
21691
10884
11863
12294
12965
9547
9236
10037
13165
28077
8420
17294
10664
12804
11417
12542
41250
52314
57486
52438
10605
14953
10565
21813
8706
1683060
6795020
22165753
2307460
450421
8672338
590432
51386
75468
50241
142452
113477
5621352
26932
33419
47406
50778
10928
11293
12609
12769
12664
12335
11765
11681
11153
11049
83654
94707
49368
14237
18328
14100
13871
13334
50662
52197
76258
63197
11804
8157
9758
12803395
218579
211584
16180
9693
32223
9282
8204
8156
2133991
7176
8926
14628
8043
10190
48626
83324
84056
93950
100844
122229
10381
7868
8343
10478
443362
1644046
9605
11258
171950
43104
67983
53447
36555
52126
19770
8022
8868
11465
14128
9395
39853
7856
12299
8088
39344
426986
13082
1418826
8565
9854
9043
7813
8688
8442
301093
7413
66829
175993
92308
8334
9195
8033
7984
740397
12366
12677
12047
9063
15414
12306
14047
17366
15375
14735
12706
12981
16366
11719
10238
16544
12120
847834
13698
9063
13347
155781
11176
14271
98785
9320
7956
11520
8571
10319
11191
220959
8088
125304
1006657
395787
8705
102872
10092
129215
1259564
8980
478239
9064
542510
8964
282878
9074
10323
9028
9478
392103
14177
11262
7911
302660
30568
27693
118859
97756
66350
65347
60809
62876
63264
59544
79708
58709
59446
76903
64070
6533
6747
6552
12020
14784
19244
29251
15985
25089
37934
17823
18742
21135
13712
17617
43909
41452
31782
39955
22546
21027
21261
25959
20973
38065
28909
62604
10695892
5833189
217213
211465
214090
217236
215848
210136
31996
212505
191233
214836
211928
217196
209356
217113
209141
214985
216186
212876
215333
211316
210645
213326
214738
215369
407177
416257
18196
16289
209810
16342
32264
69834
213332
212035
18405
208773
215456
236759
211494
213964
216576
211459
209587
239924
212386
1594033
14139309
7438449
2767014
9400398
212362
211635
216163
229393
297902
214398
215956
221099
346674
218226
217205
218974
212467
16865
15735
41668
25128
12201
11091
38871
14039
11044
22067
26289
10511
12452
11846
15943
29637
20321
62375
41120
43115
66361
41916
1212478
20584
56585
15878
17788
16669
18856
42738
25136
26055
23276
33394
23978
2471229
9585281
2745447
54474
79831
55985
105601
50259
145662
146510
494374
502905
508807
603800
612657
406967
15428
385254
15843
455407
919011
15409
16244
1057985
981238
16281
14916
16183
14862
25974
18710
15348
18717
652468
378192
382936
14928
959251
15384
1050885
517917
17364
15674
378402
55033
80628
6577
6787
16047
15684
15367
15936
15853
16338
16385
36699
7006
7297
702646
2824807
16830
24296
5398992
12814
12646
512034
6793505
603953
3511718
3683785
227966
228214
237097
222970
305648
230504
16959
3854181
234621
262235
233726
233324
237896
234153
238835
20984
223627
20109
227928
226048
233062
244908
235613
244644
229678
238435
285688
229061
237080
229796
222834
237538
224583
309732
228592
227228
237939
223551
232082
235358
227946
224866
239779
240617
238761
255049
223477
214878
1815624
4448651
344397
5745724
6267821
228577
231838
216674
278940
352031
302162
209548
235740
486543
707353
360965
411676
219677
287628
220323
234981
228832
222011
2702937
3480254
1420106
7064292
6433288
4319152
8578045
5269199
1738041
458618
10222259
2308134
7998127
225831
225219
219928
245662
230473
224903
218149
223734
237496
223090
220966
468226
222232
219786
235580
224324
225135
215310
227240
231185
222344
222193
234177
222506
223161
212253
219939
229860
225091
228313
213163
230814
230864
230405
213773
230285
226042
213155
299245
234343
235107
225547
217770
209652
216581
221634
227859
223412
237697
235892
236740
233968
226626
229719
223229
230959
223606
230000
223927
233621
213023
286947
230390
224353
353383
240781
230660
215513
230696
222101
828055
224041
224310
233003
307962
223378
219409
226629
238914
290428
215238
236976
223492
229577
225119
220356
224890
240619
241706
7233700
651796
896160
895130
1037136
1182785
964620
976941
1017252
1062076
929212
916223
641876
892667
933409
956825
928853
830158
931442
700829
916697
1022327
912062
951537
886594
945733
1050054
935981
1067061
1107743
1253136
1261687
910192
891615
383661
684931
981859
928903
949849
45133
1071006
1000769
1148214
750333
1045242
937284
1176843
1002095
975380
952617
942239
711352
970082
745849
1218838
1703931
1133312
1045525
1096523
1572811
962087
1199077
899737
905604
930304
1358176
952773
954105
1389875
1386681
109858
946968
1003363
52227
56915
33013
9012
9998
7551
17549
6873
7519
7441
7592
51326
60355
3678576
2792353
1632043
5238222
83004
62163
103775
74362
13380
18044
35119
42354
20349
13405
27406
17718
34473
17083
20347
16177
19364
12745
22671
23767
13386
14579
32023
155427
16930
20600
23984
13103
22867
29003
53532
67882
37372
47881
22090
58313
57785
18925
47874
345253
433528
1412448
10247337
266050
48234
53075
22982
12363
98084
24740
120264
15783
48654
146921
19738
24641
190167
20530
106291
180854
311187
42984
17958
14433
345392
178271
270247
188186
14027
15614
27813
25947
18440
18548
13313
155863
14223
20621
129678
116623
513420
116763
111922
276770
78163
903461
1039762
1165418
1058605
636611
897721
975705
1054494
812852
742295
80006
63716
691504
686323
1029616
708137
1021559
1028039
495906
62110
59579
63101
52627
786772
944845
966455
1037168
1117606
1054450
968847
1024241
941516
1276180
1009541
1017574
900880
637745
1064052
694911
1111345
1044905
955025
979473
935202
980817
1234071
1007502
1145647
1411878
962707
967598
2024443
2431001
157515
38614
66527
99479
63684
152719
148247
68057
156222
124186
194963
263120
90475
378088
123176
413299
12373
23387
29044
151802
199162
30503
240803
152386
126718
120143
173434
187302
39691
166599
122050
278583
247973
185105
259866
272149
344442
222096
594442
189487
275952
166812
127176
107048
114178
120246
117653
108304
86580
132821
83001
125494
96656
205715
127075
72088
86001
85491
117871
105283
113219
84837
119137
87764
111157
86996
64961
143153
88728
106771
63877
81948
83926
82293
68865
154580
88857
155965
141635
136759
110057
81998
72802
67095
74181
96796
139271
76868
106515
93371
125672
112392
148622
85279
81342
98194
107622
113428
138415
113842
95997
83167
116484
112679
90306
94473
103608
90869
89268
64823
112190
70052
104431
84208
103200
111240
214814
94407
258602
146190
71320
122927
72792
106392
143609
93009
82658
70706
65682
70071
84258
93602
108330
66810
82314
227191
115282
166749
129643
112525
85167
101431
108290
89814
132951
120074
128795
94446
104621
99356
145972
92817
114017
100220
102645
143527
182686
141358
88490
112240
181566
141980
15254
19339
26904
20736
23138
14363
33708
14841
16932
11430
13660
13635
34843
11408
17564
35005
10120
241539
173011
184802
30893
66202
134581
112365
119748
123604
730446
57384
44702
46862
60268
83385
12781
12811
17562
16452
15072
29719
13670
70471
79845
21606
16917
29510
17383
14777
15387
16143
116571
18659
309932
24467
11344
26997
64231
12092
50043
21464
29244
34281
26387
53961
65269
115211
29704
18130
143876
190681
123872
315844
188605
125039
196123
54545
87933
50803
65951
67074
55440
117209
121847
109829
106868
167305
124416
107113
54269
84831
70492
368494
66904
52542
177431
12288
53378
67814
66163
178685
50778
199191
53275
54655
70798
29714
150113
121757
41751
96461
61504
75299
90295
22659
32866
18056
230502
240835
149074
185470
52746
50113
53210
51434
48109
46237
53447
37358
220690
38576
45553
39371
53929
44248
45285
34610
53959
38035
33985
57107
62834
23125
42491
80427
159721
442517
526867
180192
111912
193689
65700
203834
7491476
609443
1681628
8365307
12245765
8891
77640
62395
57428
279120
110656
120456
168905
28436
11319
12211
17487
11527
11771
14392
12662
11722
11656
13013
14503
14545
14791
15984
213387
97439
51142
78098
155899
83333
111443
45565
87194
178217
49454
133337
775655
49584
109714
112275
102773
64712
29462
43533
500842
353064
29436
211031
526495
261653
308547
90468
49834
34584
1536275
4546830
84576
29225
739709
14626
295907
284432
391721
302950
427453
329131
3311696
5847324
6804423
1904978
2941913
4817151
4381641
736730
6891666
1562801
5154998
1794109
4222188
937813
1741839
20892389
702040
8996351
478077
3104403
1299241
10890285
6952259
3036083
1825027
2755712
30071875
483557
20103
29914
16133
12414
19126
12067
19097
16780
13085
11739
13402
10766
17588
15154
11296
13252
14713
13712
16758
16082
13057
19806
14403
13761
15753
12778
14640
14047
14960
13460
27061
37482
179937
41712
27121
82949
26414
249822
44294
20078
42293
36649
39764
38238
105375
34747
153773
36514
43609
44718
36390
28586
45494
391122
57370
303665
27916
97307
289879
289617
866610
247903
36118
117537
35904
27637
26926
279459
77988
67438
286469
279920
282896
40577
375344
291269
284815
583099
71038
71317
160895
38884
38424
34145
13473
286529
297160
137143
33476
56389
71499
14157
98623
19827
14591
58939
20173
12846
11380
13704
10502
15376
12723
54042
10771
17691
121291
13746
11091
184161
13853
9972
58148
2300683
1925968
9246256
532510
471490
342623
350515
212103
13363304
2242040
9529
7871
9187
8108
8797
9639
7355
8110
7173
8925
23130
28468
11377
9881
3988301
3529624
211696
207972
111149
64332
2464233
209330
228508
216848
292374
331772
432162
472545
406726
405490
342773
332904
243975
254116
333482
318340
251928
328194
237414
237309
221211
227409
221474
231078
245095
225616
230370
235802
230635
17073
292283
296747
20835
16338
11386
126243
17883
17344
18760
128630
21048
128365
294162
386529
283411
2942020
279732
284014
19992
18950
21124
18011
18047
11668
55177
168306
48706
208849
157114
65618
81151
18417
18046
21011
72207
52816
74694
19047
22802
19715
108484
18787
425658
147625
278245
213015
212493
212983
255899
224211
250676
231736
251931
245046
271758
240708
21927
137380
186127
12253
109213
9151160
895852
4452869
3401180
1507526
9616186
14318
281236
284001
137734
286056
18093
24411
21158
418113
297208
116822
19917
25911
24446
22421
31838
7529335
8301473
69533
96048
105507
96409
63940
47454
289752
50879
58798
253345
220914
14970
70257
232796
225777
226443
226825
234598
217699
211874
401930
221338
225496
226814
210962
50520
302791
38236
230553
226064
296761
211120
225215
300363
228464
227807
216772
96017
292501
195248
34513
72160
520977
52995
206097
43953
36187
451499
105301
234197
532055
783075
229676
319146
225278
240976
295337
221644
227110
61632
239811
58303
302270
77940
39830
55163
117000
65334
124770
51569
45544
102919
67201
39958
117243
361841
823685
36828
300022
50704
296423
222879
229479
238572
218832
235931
66848
322774
231822
260447
145122
236348
294415
84255
239135
110617
50940
88699
229208
43268
50507
36790
44895
167451
110678
37377
56416
63721
54595
295055
226267
244585
213029
235674
2317040
29456
35516
99966
46902
217562
56792
60121
61505
58338
64325
71632
61638
83860
36353
50870
46171
312307
340335
2523631
85511
298504
250393
228999
238213
224849
39567
4129189
27721
308648
228981
29528
216341
212290
44657
295712
213284
292803
428268
212177
572285
236257
298269
28354
5947004
395356
291668
285864
390962
952001
55033
90714
219243
223730
214702
78602
53967
216594
221447
399081
212121
209451
312160
254178
35729
216630
43413
268671
358528
98587
63832
118171
37898
211771
500999
498387
42165
297545
171618
75773
216853
35100
223532
318636
287610
2674602
3630165
647165
4968729
310641
13335475
888536
223064
672679
1949880
2071286
13715940
5478530
1022672
675073
2889841
689917
702092
709654
699307
504088
683563
778524
508331
678189
833396
75089
137060
125325
46916
693779
707096
653421
671064
393260
116619
81723
105708
64930
64038
296198
63954
292611
62381
295693
101767
70308
188365
302954
71521
221127
228316
291818
233203
288649
215807
289817
228570
213589
217334
281097
655105
245343
724500
660048
650595
225468
289295
472425
230073
216878
126008
217891
291472
64177
658310
653751
814453
879396
3544488
245430
654043
259107
680347
240912
386853
150220
218118
222255
219155
289269
213584
231225
226464
19223
225734
47142
244553
233193
313822
298177
37414
57346
73302
221525
217687
69279
2005933
64488
717032
658251
673698
724160
665606
669138
759363
760844
649602
663375
1961709
164781
704436
683922
640952
664131
830688
818641
60612
228662
826729
802551
7246698
654649
781826
663856
660687
693435
656487
662745
657483
7965
222704
382896
485837
216896
215454
218876
3388152
1203209
377452
739200
830235
734531
767995
770057
806687
696968
712206
699953
716065
398878
387397
706764
729968
678274
671018
109809
773971
649075
683818
682429
5716064
921577
307808
320746
767313
654055
675699
640570
643256
651147
688039
690748
719013
416325
783617
78240
693775
785900
61123
684804
805779
58923
291305
328542
659138
663174
648393
635745
651542
644096
2664313
668858
671844
87241
674638
695933
664222
625763
518962
75260
57997
87657
498917
655584
665850
641840
625279
368594
614820
810867
722154
723544
702008
662002
683338
290199
643502
669925
681318
676777
669258
676028
654184
675408
670782
707432
671182
669774
680929
707923
661739
772158
700470
695392
498035
690196
678049
564810
394027
661012
650592
963471
659024
523505
645962
659258
703057
672473
71858
51840
143629
110735
643653
660634
439673
11908
516825
649857
658430
661850
627206
623433
630833
621477
669982
639266
371695
628055
624135
18107
697581
777256
647488
675044
754443
632804
390245
647449
694617
397089
435120
675285
730536
384234
314422
648198
682083
378545
400160
626653
731707
399520
639063
641508
382613
11258
21245
678303
642364
414898
400397
718443
742357
282192
626644
637903
511101
802052
723509
666068
689698
665685
700151
59173
65846
40543
19948
479087
630814
621607
288393
365479
667012
623008
616814
622532
15771
624143
678643
65106
21246
73696
17009
72764
87457
70757
813980
751713
311178
61299
642042
772718
70303
70676
16486
68772
52973
87563
633155
649412
69847
90784
399400
50344
50462
64339
398251
17795
670588
722917
664755
718307
386346
407346
132853
679302
766876
124243
759924
689372
674868
640549
404678
80735
144402
758957
670826
676033
291177
666519
687608
701159
693776
651764
672734
651045
667663
284684
664843
674634
640511
655392
480948
85829
389567
655104
646732
504221
448871
622246
73158
72345
657433
66521
14569
406616
160464
524407
675477
653106
684968
669388
662315
820059
520483
669245
668105
668823
673885
116218
210408
666124
695062
1046015
692525
672080
344917
673793
762745
660154
645308
24197
677426
692484
385871
690123
698190
72403
119973
329355
651442
654861
75615
65878
652399
692742
658871
76500
654768
701546
682803
523431
72945
77241
663323
690920
677176
670308
386321
388435
50067
689948
649675
1000641
640534
663909
665981
711997
290053
789590
713904
663196
644202
397687
284662
672695
649271
653190
680556
379690
661612
679276
674293
723521
644234
645275
711671
717598
68344
645791
640701
692525
691525
716389
823416
778504
708628
726668
530833
51273
656200
688102
681334
650056
702426
709674
412637
662151
688894
775057
684295
648086
650276
762765
676790
666418
688118
714705
680675
649973
663439
648611
649806
387644
655359
649949
646222
660479
988245
292721
295095
120082
61775
50903
96251
970228
668445
646458
713188
686914
698477
398120
734887
715616
384500
694919
714881
662123
687329
663107
691627
656145
701968
661378
677640
682698
644043
684457
654090
661815
676587
306083
691250
708148
654202
653678
650067
640034
487118
386796
693768
652528
702706
719377
765157
682543
661509
648291
653629
670132
663452
647864
695974
688550
677414
370825
51090
645889
768633
523257
649855
643088
723003
704519
289400
90520
654159
756318
675355
641409
913724
648071
49471
94148
706474
722733
663877
663165
682070
694342
484825
650649
649124
703093
688390
607989
638666
680953
671342
684680
632540
640661
675891
638687
692341
663785
651640
827185
966919
993741
741722
677942
378501
784295
698877
700642
704742
641398
639643
54122
650245
649765
690384
679192
636620
635679
647180
688481
728542
723947
382964
304744
298324
651365
659333
480425
738586
781833
671345
957877
695855
704654
644537
670935
371159
717071
673642
649414
655142
393749
646375
647930
1010970
640990
661845
407186
599831
477524
674897
639469
385291
655510
714315
693348
682753
384573
293471
378029
691140
706495
669342
691956
296786
53957
50632
487446
775282
110485
390580
290586
288101
477826
44932
27226
26282
58379
26033
23182
98770
26983
28396
34794
28800
22382
678780
648752
657825
679789
654302
714788
706106
744958
1020711
764331
675215
686990
739622
733600
683255
699818
498101
684736
762142
494629
506882
35982
41508
45330
47059
18983
676011
960539
378550
281333
282784
648089
661176
635428
634611
689631
723590
482290
588384
713680
677760
362960
628519
642662
681654
725266
1107799
673364
631924
363306
287112
370923
632668
624138
633966
651490
638634
636603
644178
630203
468269
968442
715409
691130
742487
665096
628214
673809
709982
656007
8616
772972
636569
643002
702418
679587
11175
368284
8958
658694
691491
680402
666335
6719
8198
7018
7186
6718
10799
14230
11538
6517
7112
6658
6773
6873
8913
629544
673266
627163
628020
681569
650637
655312
681267
677029
694460
631312
652083
373718
377798
620806
690176
708126
665098
685862
385388
708077
686465
662934
680826
750336
737183
698511
701043
651520
652885
673964
950615
640040
920544
652283
683464
377620
370861
460529
287777
488660
533633
655196
679243
630459
629073
654828
655933
978141
714065
622021
633575
693093
684955
678176
768434
646956
676342
658017
678633
670258
704815
659814
708378
674567
685659
677158
686355
652917
654207
671950
634746
630941
629806
479180
482191
517115
658437
673431
489479
639137
643831
910722
655860
657535
927642
627202
651712
728874
734559
638287
625350
677474
675110
666210
631601
366550
645882
623793
590809
650576
695736
646264
663864
706392
726042
687140
689121
633267
654361
705323
704246
769534
652026
41925
634993
927762
22986
44826
33432
42742
58682
61768
96044
153039
662351
639842
660601
685224
673208
667180
672424
674550
644014
640385
631111
631797
642105
658398
979997
714291
699526
733990
632647
648108
738893
713067
651310
679973
636567
636261
638472
651222
645596
647845
672160
633168
715805
679578
655373
714723
662940
634172
642230
655692
667138
901321
633241
636411
663446
698872
658243
640862
504552
370462
669447
669478
667566
698933
656351
635832
662545
673224
660810
665500
632311
649807
973922
723408
653426
642353
682539
663138
640001
632248
637673
653525
497502
695208
647254
650231
661478
366753
122195
639110
668644
634481
650164
692852
676279
635827
654650
1120147
683540
654219
699248
774448
645057
908205
706477
911183
628353
630795
717571
707599
716493
721207
961543
772968
662909
666329
643324
694190
594552
679804
897754
690807
983094
646923
637388
1021505
1002772
639468
896170
668035
678217
640696
665131
365920
685299
660445
646627
632234
722362
691707
637147
667653
651321
639985
902727
669712
975492
992789
643946
657571
1010646
731208
363930
929362
666488
703519
702838
688554
974933
956193
949540
979643
995368
1045626
1005391
933500
701771
495807
631835
637927
966734
968473
954214
692018
482778
662846
652204
678427
668822
918367
688175
678626
939954
378217
928763
658296
632170
899487
983900
1001413
898430
652621
655541
694296
1015804
990989
662606
948485
922872
932796
648720
662259
391619
367318
691293
662059
658958
634773
946158
995350
627255
907019
691990
977062
753984
984944
739084
1140613
987417
703792
932864
695896
916791
678199
941898
967750
984076
1010881
990757
725514
640503
896490
645295
912526
999159
957072
917037
946606
916165
943752
642650
919295
958188
971251
724949
702473
374938
655591
909780
642459
899016
986182
976822
652973
927802
681036
691779
644660
908078
950251
960597
1012419
734989
943921
974940
824703
819398
968327
713687
1007126
1014568
957667
1006506
976562
967396
976823
997011
942705
988184
889980
928260
995107
988239
952188
932696
987176
989921
7908
7660
7642
53058
52471
21382
39377
40876
31824
20913
38485
28991
36364
20821
20625
23058
26042
56111
50178
46802
46183
52122
46070
130199
51239
54190
51229
51123
53118
41954
26749
21730
44461
48795
48687
55537
51703
48716
51315
57364
49389
49892
48907
55366
48767
51641
51629
102999
21409
134713
306966
1091735
12642
29680
11779
29974
18524
11382
12327
11121
10972
11026
11256
13919
11242
14543
28943
10859
10999
36678
42532
32889
27012
32093
56647
26993
33384
60151
27124
75176
142642
629100
135443
28536
50635
54567
166846
34029
51255
35531
182046
113096
194257
267875
295270
31426
8837
7920
31581
9151
9442
11099
7813
9633
10684
9462
8144
9333
10913
12014
13001
11669
10365
9747
9242
8002
7855
9726
8222
11445
10553
9617
8369
7783
12114
8463
8723
11073
9434
10565
10333
8929
10775
7747
8222
8929
7508
9532
8453
9136
9278
8086
8904
11119
8912
8916
7749
9535
9671
8700
21050
18531
209931
81070
213100
176324
269680
115846
73012
52159
47734
49254
709069
104370
763081
74799
633680
219317
36855
47097
47785
59482
199088
105232
157617
325293
174145
91327
154305
589772
361252
109813
211750
396780
461296
314596
515228
1071201
81184
877530
104799
517711
1089467
1463827
5471365
2807207
18443
5538618
75202
7776633
49371
10058128
16598613
711831
1673694
2012670
3786052
409074
9434
10000
51252
10887
12116
11954
122124
70481
26997
27039
53542
12841
12808
15155
33616
34435
41128
95931
33921
15027
10672
13002
10414
14220
19335
28020
22300
75718
28108
39424
23075
44972
39232
44143
64642
29768
44175
71002
37213
44904
26876
28489
394065
214165
507132
161073
502791
446024
84052
325749
433976
18542
17088
17810
10523
12624
15595
17508
11403
12275
19448
18433
12066
13921
47750
111706
350260
64397
65208
207448
412545
163037
71022
214118
161530
754261
5898424
4220447
2482245
940795
2475001
2903914
6332676
1066121
2516263
1348268
2668449
10318659
6539684
2474642
4452793
7753933
9496545
3920308
520706
8436223
7034755
1470628
2988124
222884
216272
806236
2208030
65685
262643
1023315
86634
130333
198281
142018
163863
50510
49303
155848
68544
62599
80873
22128
49412
21403
20227
20483
21708
24448
55271
92378
21394
20520
298515
21096
22876
22485
52303
75851
84805
74548
126385
64831
76668
103760
119013
109321
91649
51369
51147
60223
50123
50750
131157
102792
61741
100597
49410
64949
61877
393323
47551
86788
36830
50993
71114
75319
390676
398121
44430
48238
53677
66708
54143
331698
486022
334899
401886
301532
135172
90216
400407
52336
82355
299739
65752
14619
48463
33805
9342
14153
22177
1343483
292136
677281
292053
397655
13821
14510
15410
305631
19418
100122
9000
19482
22182
583488
303619
290781
301083
258996
290270
17705276
92032
571565
3868362
2920865
46300
25473
252496
537832
1271497
6316577
7192205
8417535
4265679
17671
11493
11189
592179
10795
9850
11742
30079
287150
13213
18717
300522
14197
395090
397311
289550
221217
230703
348218
223199
214470
275831
290928
81087
227398
223969
226135
226665
57581
48239
81754
64929
118271
237496
84374
313340
334664
102488
70173
183762
134279
126970
45177
72043
257767
81487
138213
38183
35447
166949
101040
123283
209178
103446
184837
106500
136416
60009
71602
86789
105098
79227
73158
366434
186973
147215
147955
128147
210103
133198
133302
149446
182199
137976
192057
154881
79936
168887
165898
228986
114082
249536
83673
77361
82185
67552
101258
63673
65948
51978
184310
117642
67870
53400
77320
64472
55934
53533
50709
53058
69664
121907
53478
48696
21512
105359
16018
16508
15462
16387
11633
21285
27947
662068
14049
25652
15454
23888
38569
22034
12016
32150
16560
12269
20600
20747
34302
10340
11083
14032
15847
21937
16707
11366
21716
13293
12944
29281
16861
15131
16688
20172
16529
11807
20159
16735
11589
11735
19258
25845
16667
14357
12098
44196
23796
16392
14648
25455
23209
16729
37657
13913
34574
14932
28036
30621
47887
52169
24524
30043
21739
43580
15456
12886
18428
17116
16003
33648
31885
20300
10675
12525
36056
11790
11110
15377
39110
23082
22331
24970
21160
34105
9726
10946
14297
16263
9739
35887
12947
15537
12792
19063
10366
618516
13522
9679
34445
13035
9516
9709
9520
18565
21235
315560
16968
32867
333639
14929
14202
20746
35182
22765
20854
67754
75428
71800
68437
48553
55026
55186
55728
52866
55345
54057
60411
56923
55406
63488
58489
56304
60639
61767
58047
48963
60483
61445
55582
55625
57912
60291
55171
58497
60255
54564
59327
55567
54259
15368
14829
15104
17689
42192
15604
20793
51756
34224
47257
20022
133075
43127
42262
31827
91953
41153
65448
42690
25382
15848
15624
21143
17726
27552
18856
33873
53758
52731
16415
30068
100143
60109
213172
37239
24344
54664
16810
15727
21918
31699
24167
15867
57415
20433
15695
43427
22204
21237
18053
15166
20423
31519
61114
31485
58508
18074
181282
981022
478932
22252
486854
488561
388553
906110
384301
293228
973887
2045976
135427
386843
43154
52290
293731
404671
487528
464721
446775
367894
58432
843932
647351
298255
528121
505590
289842
396882
60546
65089
70891
33604
45235
26238
61445
27840
335874
50724
294182
201411
97181
25480
47009
27230
30959
63450
39997
55733
56154
55983
30751
55966
57430
82138
24099
26225
30564
24568
30040
32497
122637
45929
460039
113725
124915
139445
117965
45581
194605
444042
528132
521660
444641
366177
821792
437351
240060
442082
537125
675805
1441644
68866
51425
20315
23683
40914
114164
267000
168963
177136
235066
157357
257376
182379
374093
1289258
170091
222465
345447
234332
413751
158298
156806
157658
157121
256492
1312187
471929
303016
316861
157513
98955
40850
93437
23885
98762
67707
63065
63081
59951
62554
62342
59772
55033
59807
69623
9073
60225
160389
52601
58991
55304
65125
58150
54870
60648
77414
65635
60709
61366
63815
61632
70049
62932
62949
59620
64798
65842
59647
61680
59243
803398
60450
60719
159396
61670
51313
61040
61339
70613
53935
59557
53780
60500
60098
164276
62127
60885
59646
61653
59990
28758
62580
60052
59563
60532
60280
68081
63264
72159
64991
63888
60483
59816
59756
65981
64570
77943
67192
62077
60365
61291
63500
64162
65292
85357
67356
166733
157613
160861
159921
63790
77604
52728
63666
122555
15774
64049
64356
63095
62128
62997
64880
50962
345887
27422
27516
40835
16785
15292
23941
24211
33728
27953
364694
20672
57027
64886
62444
27318
27225
28447
125399
28243
27389
80305
85263
99108
68085
64477
26160
65600
67688
71123
66273
33416
70307
64904
65989
65377
35682
66505
64596
63241
64093
63785
64093
118916
145926
63399
1063795
1069313
1092303
1031384
1033226
1099408
1084841
1083463
1117945
76398
100504
1045432
1289015
1098663
40866
1075323
35748
71737
27647
78690
84214
68725
72365
69510
49332
65572
49539
654082
21384
57038
28273
71741
72284
72207
89903
89878
61572
8156
72015
7930
73053
102886
14913
102639
10650
86456
88127
9252
14027
83670
26803
105126
11438
13809
44590
24943
25864
23095
77574
81967
80805
26085
74661
22675
76354
77606
80650
77463
79691
79945
77078
76528
79476
79072
77852
81745
35097
36590
83795
78341
80302
78447
83370
11256
8358
76838
82076
79785
80614
87725
88127
90864
7794
84012
84545
103869
14243
8871
15685
83373
82123
80705
83402
85370
82784
82723
84349
85303
198805
55368
63129
84834
56661
87090
90959
52140
86751
51403
78901
87072
97425
514335
609965
86294
84093
78464
92629
63243
64930
82491
66864
148398
63696
55471
176477
993074
225587
178638
45040
99444
89643
93919
106232
86404
90245
97705
27203
96825
95214
103968
93501
25597
39735
34294
28647
92411
16183
38342
24462
121115
91524
91999
378382
190604
2183598
331800
2052632
99390
99499
16682
93335
96508
18268
14574
31167
70319
66698
24113
15567
25467
39836
49280
94287
26310
24252
27084
15370
24522
40717
37158
19069
30267
47603
59856
41323
55680
59283
29508
104583
254450
65471
46960
86266
163825
27914
27180
27582
32849
33663
28009
84733
27845
251047
230170
335614
47350
1170364
270881
305668
191031
111661
45824
56281
153130
173427
441674
531803
635998
26215
29356
247664
50654
259147
27074
47635
27949
535706
782021
43640
74574
407419
290941
259726
428702
123668
295290
56308
256656
33472
1103163
2823217
4068548
1756553
1959583
1663995
8608440
199323
436954
12279366
584419
553286
1233546
135906
323455
9975175
128618
4005653
599818
323871
332065
12912998
413212
3396253
4567886
27459
30197
27989
34294
6768783
698441
3002736
3472424
2314628
2280756
1768506
12485072
5300882
2551163
7906732
1364183
3257791
3641847
2821555
1400531
3043477
7933936
3938922
25004
13626
34960
28432
22876
30496
18271
24834
13404
347221
52032
41058
53745
50275
99118
9857
19009
16744
250090
123847
269028
90225
62736
126454
59258
1031240
10274635
7162129
932432
7167842
5007876
4335327
11022125
1701412
405508
11872440
212168
216344
226517
51106
214301
213081
217164
214145
76712
212479
215888
11891
14410
70432
374735
372570
382814
381475
376068
382398
373604
496365
507757
718733
379459
601010
72631
70996
68501
73217
54208
376444
506904
50534
57125
141424
54206
51151
51390
53868
31748
41023
19615
17554
214371
217079
12586
7469
14109
21590
13416
390635
218966
1635454
2713023
244582
223737
240200
233974
227511
223016
223523
228771
8057
8329
11705
69834
100737
21303
16936
26485
15767
24879
23163
113702
104115
229125
231417
279718
217686
232439
256636
221346
252061
242407
239231
1377827
221332
220132
219726
223423
222473
227339
218290
223400
347517
225698
226067
283959
221199
218533
2029046
1141479
3573117
1486159
240738
7287479
467828
4364674
3448689
2414101
1960179
4525805
5018763
4983552
2368981
6322770
1291114
6203399
1802186
801494
249697
349602
13573092
2381942
5599897
2512300
99566
118915
50876
5314754
751861
619884
5496066
3096738
279873
212559
215226
274326
208520
219960
211360
219784
1789286
217378
273911
225107
216633
283626
216858
234366
378118
483558
367136
373943
373462
135338
218827
213934
210440
250378
215643
208259
271680
223718
215528
217050
207692
208625
213879
222994
209858
208825
216772
219074
212080
225812
225130
210328
216514
215499
221301
220584
213867
212436
214216
215032
212454
215872
215867
216669
212795
212814
210008
213352
219464
219008
215290
5023940
1053581
5802672
15051097
121728
211455
323600
484086
600745
364938
362581
134851
126809
148365
1739076
392311
382701
78998
244163
239925
246942
320178
530718
371815
373687
366749
369385
380750
373729
373335
537705
588869
363147
589360
364205
363996
43726
22030
21342
25983
90930
2784556
29382
119726
36148
590505
47318
51062
55235
451887
471283
66423
57766
346342
128844
25414
21703
20357
95854
99064
1413457
99387
102738
120252
99845
99561
100533
478286
95760
95867
101571
101048
108068
100746
32258
12086
95827
23630
14967
98145
20059
22291
19583
31497
98284
39909
89091
24429
11674
34341
96012
477912
220733
65552
122000
64656
103771
64328
102001
113885
69616
61718
100094
100906
183950
271122
599209
25118
20334
88984
29617
112723
110046
108707
105022
99006
107170
105209
106336
103750
106318
110805
104462
104264
103506
117599
108569
104485
106085
106624
108037
104836
113638
110978
112214
36233
17603
26537
90475
77181
138723
78737
59784
87406
89079
89108
88511
51435
94752
26848
614100
50350
310797
92626
46134
124071
51604
173539
52180
201288
150537
56714
52974
65704
270092
71292
155718
46874
51818
68068
52381
66934
146763
51589
50128
151029
84125
64004
437389
80228
224847
54231
66167
94954
165142
197078
181254
36857
2733864
4939840
40737
59572
1860606
264643
251885
484709
245042
251456
232547
242128
6724107
419411
7792335
231332
246316
225975
231557
233363
233666
217009
296217
4437142
2473905
834935
461564
227595
221333
219053
215275
222462
1238767
218450
211888
212338
217685
214105
219000
1454187
1073121
3711019
15965914
1059242
6506621
7136987
219754
216354
229103
214768
248160
219248
7843646
2828575
1386863
220099
224016
220463
214300
220455
219518
215370
216860
220587
1167697
213765
218840
212371
1817449
2634172
224327
219883
224048
223650
225480
222455
228496
224861
1714551
693826
8396969
217271
214699
216150
279978
221414
68186
215093
216919
183658
121924
220356
212845
220298
212986
227545
2098266
65200
134896
415619
90755
152947
206347
218545
396761
213806
266917
217513
221423
64843
106144
216112
215371
214877
213937
212925
213413
216217
214310
51831
218742
134534
222817
67579
216120
80510
89823
91106
217721
991140
118042
57037
63779
93910
81966
82538
123343
136036
219387
216966
278562
227155
4828034
57260
50538
92973
165044
52176
133024
775168
66400
35144
74150
41211
22935
31776
40154
38875
77931
93303
161121
35883
12004579
7403384
215712
28229
175937
368622
80938
8984823
1647757
214480
228701
79560
122710
53199
117238
201298
64314
22976
54028
50227
69368
51294
64874
193500
50774
28863
63903
39415
104850
68382
81968
51816
77643
113016
221470
64127
53976
80438
498645
91180
225885
64062
65426
134434
45580
40946
79132
190279
234339
314963
66616
51517
133269
70794
56738
79852
82302
120318
96721
109875
79238
66512
66278
121200
55014
70590
72180
109415
51470
122016
132447
68689
53244
51941
10969841
2349606
1036984
7521048
243736
213585
225505
218322
214560
233358
224428
218311
219374
216520
217982
224093
233784
230866
226733
228715
223275
229138
215948
231856
225240
234481
225545
222894
226221
237352
223642
223667
222594
222779
224871
225923
221539
223790
225139
229179
224164
221240
223902
219308
225509
221122
228216
214189
227449
232940
231724
257904
258699
223411
223219
220508
102707
53715
51361
49349
67772
257059
66384
101255
63152
171973
65228
65759
69032
200320
229357
214860
222925
167179
228878
64921
222292
225817
219356
215565
223544
219478
13332367
112527
250222
212107
175923
220093
1854641
226737
222633
18135
220517
3623491
108763
109013
110693
107890
109546
109497
113306
