994563
930299
1213206
963014
1125673
1299579
1175843
1858414
963822
1088172
1455003
1451655
4939144
1052386
1290948
1147380
1246582
1147654
1302785
1050697
1433458
1074544
1325523
1101391
1055028
1583960
1315129
1463937
1090529
10809897
952897
7213601
1281507
901352
1739858
1203118
1296654
2320276
1053072
1244599
1017179
1106325
1023839
1530677
1429973
1090739
1288703
1027668
1094182
1416350
1073422
1188095
1382614
1060194
2106320
1035858
1091883
1263929
975616
1115526
1167704
1020108
1385136
1118228
1168449
1364209
1190346
1132137
1177905
1029201
1029275
1033264
1351369
1138869
2010139
1167469
1573966
859669
1214292
944691
1395318
1123530
1115982
1131256
1656745
1143003
1784340
1420445
1330674
1323269
1030641
1233044
1090686
2054447
1491418
951384
1508110
1106007
1215950
1215736
1548653
1486794
1093605
1569634
1246629
1430604
1343377
2135620
1102653
1406432
989614
1071977
1071111
1182012
956201
1214058
1253569
1045559
858687
1093672
1251693
1031868
1811961
1098125
1096399
1060475
995862
1495728
1095149
1119794
929288
2462368
1357706
1299277
1141724
1447327
1272508
1240558
1117841
1166653
1048716
1086452
1226299
1585617
1162972
856067
1124753
1016064
1509893
880443
914658
1189474
1145486
1204465
1221202
871965
1327069
891973
1145053
929843
1126902
1543622
1143317
1230368
960539
2492338
1059125
1031115
1175960
944608
1005107
1635260
897885
1485896
1113466
1501159
1153066
1170747
969048
1055127
1337156
1441940
1067738
1831603
1870544
901508
987617
972062
1288872
1016209
1131417
2209860
1030321
1263661
1181549
962127
1020927
1147411
1063112
976399
1984731
897753
983263
1432163
1083236
1627295
1089805
1181418
1049106
1156731
1090382
1159169
967289
1046877
1060103
1045492
931007
1567981
1295757
1017868
1505188
1079526
894940
1242308
1360183
1174293
914784
970597
1366793
1005652
1082311
1142654
1136414
914595
994184
1047038
1388725
1353960
983129
1060352
1059479
1312441
1011604
1460829
1368439
2776905
1200044
911898
1010521
1310239
1266300
1099690
1089564
1389515
1357619
1372419
954201
1112318
1012388
1206752
1267554
949364
1049003
1985588
923316
1193402
1145681
1109911
996965
923930
1045241
1261731
2171160
1112072
1127753
978303
1190116
1213320
1270095
1074739
1155098
1849293
1111937
1082019
1241995
1196025
1014062
977505
1775931
1118786
1385371
1497656
1085812
1348496
1449006
1062338
1338650
985730
1029411
1078034
1214626
1006768
1426296
1259338
1292673
1571192
1128059
3788066
1356934
1661431
940657
1247396
943836
1447807
1934811
1205478
1053371
1320934
1343697
1476971
993459
1458855
1796229
2044298
1284117
1414185
1547833
1212159
1108239
1521627
934961
1517862
1106316
948161
1045795
1072555
1324712
2177690
1221048
1103783
1361335
2609490
1014971
1352206
1110244
1345172
1184747
1112157
969640
1519761
1157590
1108510
1160276
1267635
1154461
989972
11383381
3471711
7090268
1067907
1573660
6092375
7023989
3520828
3392232
3365384
1580488
1029910
1177125
1255499
1161239
1999625
1129837
1039885
996211
1107370
1291525
1680049
1146798
1427112
1320755
1662570
1225162
1959208
928264
1090242
1036331
1005363
1504484
1367565
1634128
1230449
1381383
1105905
1002616
1204466
1095665
1465842
1029083
1113938
1237825
1375832
1068508
1188161
1161205
1294753
1507737
1286610
1075144
1034707
1007584
1180085
1278784
1391491
1379521
1639608
1417523
2008130
2911695
1166462
1450345
2248134
1183531
1422360
1443833
2110382
1274981
1704587
2219448
1379394
2727418
1708525
1707130
1083088
1779839
3008223
1154869
1780327
1244254
1178721
1853270
1539065
2160240
1224542
1962751
2575594
3200201
1202781
1524523
1222842
1217675
1538047
1307754
1493461
2247853
1211000
1123199
1103603
1898297
1415636
1268965
1250599
1239787
1786567
1357120
1464261
2003195
1456953
1199784
1071494
1148180
1122605
1140390
2319635
2176391
2784233
1391141
1450954
1275321
1671997
1514917
1129270
987134
1440173
1185246
1239593
1256567
1174879
1502981
1079644
1558384
2276092
1395232
1495328
1245228
1065325
1541499
2690875
1105835
1014523
1311485
2664391
2024404
4070853
1131603
997420
1360251
1360940
1206389
1317737
1199660
1280069
1243671
1522736
1183506
1315461
1062158
969723
1432164
1056375
1041453
961680
1499317
1121912
1597671
1088903
1546083
1414848
1159225
1707929
1138378
1841620
1100470
1776097
1055235
1183671
1188169
1084685
917202
1028444
1204546
1486547
1035980
1153209
1197495
1507679
1111987
1409934
1259710
1096745
1168705
1285073
2162477
1225551
1065517
1036023
1343711
1982724
1208711
1065103
1687198
1166505
1082917
1811068
987999
1256050
1051442
1194504
1377572
945792
1377418
1187773
991104
1278537
1711441
1562135
2108946
1301577
1070215
1451087
1072313
995393
1152463
1436634
1055975
1708233
1839571
1451587
1080597
1098512
1443188
1166834
986128
957959
1268294
1141635
1193877
1243940
1787869
1457090
1184449
1158568
1196197
1066871
1094926
1094106
1134709
969790
904714
968695
1156295
1063994
1022344
1426387
1156535
1132767
1171306
3124229
1093348
1276525
944868
1158302
1115647
1712046
1165201
993850
1045164
1099656
1286258
1066344
1151412
1001526
1321542
1383289
1117585
1657284
1530829
1121015
1157990
1051388
1131743
1146464
1785430
1411436
1192069
2611402
1261480
932992
1388199
939714
988415
1058491
1082952
1485094
2146530
1092660
2242800
1406366
998033
1915462
953829
1112406
994748
1144825
1521911
1056119
919481
1044777
960095
1002886
1025926
1254132
1051158
910333
1477320
1054978
895576
955335
990284
982796
1136604
4104551
964991
1312417
1743212
947153
923922
1091142
1384932
1128642
937341
1065095
1074051
964371
1096852
1034600
1158700
1051555
1360570
1355161
1079648
1302811
1060058
973890
1118200
956957
1182897
1313332
974801
1608249
1044478
902407
1339131
1005476
1289339
1002412
995926
1000331
1327326
1633979
1098187
1085368
954104
1315094
1051032
1446383
1101518
1537706
979985
1448803
1171716
1481440
1820362
936287
1105774
1456053
964425
1025422
1034514
911932
1508019
1554390
1151647
1002799
1261612
887305
1135660
1496104
2221634
1154466
1018629
1219701
1046041
1205055
951113
911882
1227408
1500674
858557
1584236
1130511
890811
1767669
977837
938479
1099340
893848
1189454
978081
898381
1090434
911678
1110883
1367826
940970
1339840
945139
1009906
1368236
1623034
972599
1492069
1128957
1041538
1407055
892287
1295975
917630
1504952
994455
995594
1238930
1189916
1041478
1084455
1398144
1076904
1177712
908841
1511470
1127973
986009
1340357
1185506
914700
946366
908393
991073
966156
1169503
1045810
994123
1072797
1452409
959698
966330
991373
1050594
924978
973065
1697167
875460
942639
1309385
1004993
885758
1007466
1137073
1467834
948608
1086577
1058315
1469920
1001234
1416130
987984
946910
1421249
992824
1268297
1348279
1291691
886344
1160572
991302
1185641
937724
1457641
933121
974505
919501
1347379
848820
960977
1045973
1000949
1184338
903193
1919225
1194541
1107025
1000195
1497253
1256844
1140838
1228680
1477991
946872
1051221
1420080
981625
1197442
1079177
882969
864771
880739
1168476
1896115
2141881
1016834
1230587
975945
971201
1217721
1046953
970138
1053843
880528
1473021
1211642
1128558
1107687
995086
1018215
941180
1375335
1182706
1033210
1052262
1158330
940375
1206204
1226560
1217956
1095624
1241375
1324883
1312790
1277229
