563749
25666
19321
19673
20280
19132
18873
19779
490745
45567
17537
17441
18085
17242
17494
17393
17559
19796
17549
20675
17634
21283
17220
686415
511040
751515
660528
361711
621969
547538
711307
560914
583413
592475
563274
677574
595108
610692
639049
578181
761302
647752
258777
355366
751912
683101
589516
361916
605869
590672
563740
590969
602322
565062
61644
66080
61094
60808
59698
60447
62442
59865
65370
67975
62508
63067
61606
60917
61177
64444
590797
627326
583256
596456
586344
73065
72702
69229
72576
69585
71758
556358
570059
532787
570626
567328
619148
563933
345960
347590
612788
357206
598607
609815
579446
333468
373043
346870
777244
360632
178536
29068
27890
536832
573190
580813
541612
545676
540548
601133
347924
584361
573050
571871
625634
369007
349344
579489
16744
18550
18508
17949
18085
17220
17434
17310
17393
19332
17317
18071
18160
17763
17787
17065
16758
21448
359751
348094
358509
555928
494420
554101
431162
1732509
1581060
804776
751554
689806
1459405
584834
351659
446207
358276
614860
358635
351341
584794
351633
350297
351477
577558
349825
590252
345450
16969
342769
580159
255724
615785
526419
527400
566365
324455
543421
538218
60489
59248
53016
875417
571215
517867
462622
582571
477374
339727
564214
56195
568042
566797
294010
501459
261921
271647
27364
18964
18881
20280
19550
20235
19949
563163
616051
435765
496991
258906
293560
518366
460053
501314
505522
506752
261221
456129
35657
19067
660470
467886
361587
507861
528089
509811
496490
519695
308277
402329
488907
526311
507425
509997
295167
543121
512202
515931
457150
502857
441460
308531
536282
259152
504812
509387
509775
540246
84910
67554
77012
528701
354366
291047
272514
277223
707792
20076
532444
17348
23044
481822
274153
528098
67093
260012
268972
520272
328699
34391
25327
35263
26551
26497
507138
37774
25060
359337
904863
323822
606331
692528
651117
391276
364637
340572
559361
606681
709889
582198
588569
101710
96335
98014
109601
95120
388943
373135
773814
586069
369399
345731
332937
504686
607982
550884
381123
393154
356012
508060
553421
411640
634034
587164
610382
1125438
940369
1194391
1174771
1072728
744513
657958
700944
608401
72308
584985
570914
623465
319778
339726
329634
294108
297100
595007
498104
473329
16200
16892
16405
20377
21621
21504
17212
21620
21059
21275
22592
18711
18632
17112
20065
63781
275893
607089
473758
17543
17774
275836
553566
477402
284594
261441
21716
22219
645770
20697
304230
600454
453765
263346
276130
730437
258608
659554
262499
265626
530721
511834
523100
503403
4350736
497286
9847716
504670
299884
486129
513581
504015
480858
56850
56554
495458
486985
500280
508788
505576
505751
256748
520580
267499
288853
246952
570790
528771
242969
525810
286132
258527
533128
99760
42897
44261
42605
48469
42841
66856
48053
44261
42517
523345
294805
256039
571336
351394
262812
610893
536338
491888
490042
564457
258008
530412
507487
722782
318095
540584
492479
510388
267504
276984
262652
505077
501963
258044
270293
284866
263280
281574
533952
287370
584558
568807
484301
604976
533054
524280
518976
511292
507341
311675
521226
502063
483193
555554
563799
784489
536229
586048
507697
275589
560026
491174
496889
283209
509250
350690
301882
278570
700501
668205
412914
536961
72599
70156
72285
68366
68904
69823
81799
68516
70836
70912
74144
69878
68774
69436
73570
73774
69662
68366
73701
71772
68476
70079
69222
69570
69712
69273
70051
74802
69584
72780
71237
73193
78094
72452
71509
71770
158972
115915
118592
355235
470400
703160
614001
680800
352291
357938
617150
350346
135922
612382
15187
16451
14730
597389
639799
594840
381358
359894
593364
677117
685726
951854
943367
959950
1039379
937763
916415
759864
1468813
1440479
988190
926776
1034882
896696
801207
765387
3313471
189462
793012
739417
896949
726090
752669
819831
810168
789615
619391
563213
579906
600366
594992
515934
492271
431955
112642
498093
481642
508402
483090
488089
258496
275735
258608
105822
97054
94189
94710
105698
99504
97082
260234
95686
96122
34755
500818
97868
99125
496882
498731
254569
714886
929515
906074
667506
657379
94259
565177
523800
516787
550683
545199
529828
533799
557202
543585
545215
436416
430278
454856
471359
454826
469010
435808
426777
412280
436136
438316
481582
450151
441514
452729
457140
459174
470717
443613
447615
457318
485993
467606
514323
458610
498151
528058
552536
538645
555520
577314
556021
609760
541373
546036
545675
543761
567178
572330
614724
544958
552077
582203
559093
553505
561724
576791
33084
32517
32111
563574
584843
638027
578177
559961
521312
538998
512316
569015
533136
518625
574513
544067
556980
119469
94953
94537
551797
83527
76634
84017
76627
267875
349002
279769
305644
282919
457200
493839
297927
259188
272424
496139
263989
70220
546568
275830
275984
267132
269894
592009
521395
272723
533551
284107
264042
502540
527961
468677
533907
17463
20166
16670
21064
15616
68878
489388
260295
504478
502965
654899
467076
517433
503919
502987
603550
466740
466534
495712
530793
462986
458989
451762
448667
503989
441999
641752
25745
528221
503017
551990
661168
509508
516776
580928
495905
649152
509666
644900
528019
500888
521179
500709
520677
545583
275141
282400
649264
672313
650061
546611
518221
511130
524426
516322
507970
84681
63381
66236
60957
60966
70251
72963
62547
65758
65065
62841
65324
65911
62136
503617
490573
502046
516745
696978
595205
357263
304633
567707
263820
491969
511330
507908
547492
495019
503609
535514
480493
514276
457400
496392
493199
490487
507710
497446
500178
255550
510291
505927
264671
2639479
5083749
658100
516585
269803
561894
452693
448868
74635
107633
461479
71261
380399
206533
686690
20538
70640
474190
190853
453886
66482
65709
451413
541858
460357
441750
446418
452424
455253
275030
635031
277115
283974
598992
516925
261552
509155
592673
263087
255707
528378
630301
514925
256010
261163
514352
503621
436777
258495
67637
623486
65546
66400
68038
66652
66605
67089
74571
258751
286801
449872
461156
440263
448581
456210
446920
444497
484400
443465
451197
455680
66447
437483
447058
446913
459272
253970
437783
242447
246375
253658
274569
615163
453925
451332
563049
266619
259931
486113
265336
270361
515569
516193
511581
64216
498809
266878
64840
510603
514450
910381
264102
651842
550701
272067
548931
512778
453623
509089
503893
510719
30957
67708
71700
529740
480192
503181
528301
481451
251973
495910
450109
442544
447429
23113
21633
22371
21251
21847
21789
21524
21734
494719
251419
580540
455815
252960
480694
491024
68424
69405
487892
496351
476079
674402
538036
260106
509378
475172
41429
477029
483557
65837
265028
270626
497592
503809
448768
447436
479079
460515
498478
505217
464688
447325
439844
455765
439230
432849
267886
444344
489011
446625
550281
364072
499918
484053
439699
501659
62641
124965
282120
241742
255421
240173
245684
251641
243817
248299
248844
238003
488126
283337
244003
241057
475862
467780
469758
485085
473859
227541
238015
246577
236082
476177
467809
225923
247226
478670
482394
479205
534931
520203
504620
500973
17078
1006920
504628
510485
513514
282948
507071
265223
273821
500955
638537
507778
270906
286906
361822
733737
728167
607023
568365
371841
556672
733035
634294
618099
645544
340823
336472
323857
403152
379901
390519
340334
358814
608790
537060
590050
317356
610826
347584
631441
575120
612513
606363
603304
359830
379440
586161
656807
581931
600143
662528
733636
1515352
784224
821854
976376
963276
704154
719144
699901
591213
1806868
678707
556581
489720
614494
711578
539788
697762
638139
72884
66206
89089
1013712
70873
598344
522550
45043
673249
50593
405057
386075
415634
400583
364930
822073
1623894
704794
659807
615567
539842
724417
617592
596457
653040
580932
663843
578717
667314
765117
664109
607884
599659
604694
603424
619268
608735
574094
870497
375628
13470
12709
17550
12450
649825
13358
90961
14944
17629
16749
323995
664826
569544
34417
583907
373720
602475
599077
604507
485451
299903
371052
524074
454650
672379
9755
492670
513724
560603
662324
674528
711939
698145
695397
730948
378626
934584
708903
742279
701531
872468
619760
594803
872184
753784
534189
728196
832433
272189
680727
354984
674042
624657
371480
707051
729126
363103
688386
346298
388214
336343
263024
371531
669084
267482
488755
465830
473255
476771
485684
439239
395524
399251
445643
451645
270077
520763
261931
748014
130596
74837
61792
66782
63830
65809
60908
61018
94660
60694
63327
63795
722025
451533
685374
560561
558648
594720
589311
591306
584583
588520
568223
592349
553095
556522
586493
589198
586085
620103
574167
576237
586056
592176
591826
596816
730427
452033
617187
586068
573961
612774
571434
568510
578354
572359
598948
569514
804932
671845
575035
566174
539076
571176
579230
561783
693252
17075
14666
566173
14611
565489
15154
15762
14986
14750
14544
552564
519388
533594
549208
333172
558707
571198
546127
589754
515715
68298
78133
100631
71372
562827
553072
553140
328619
557278
503237
552284
557437
527689
556104
503924
551745
558435
304902
72314
683122
363710
663042
399289
398917
357979
714405
565254
355310
419912
589666
405101
599533
542212
459671
507125
349326
378777
591747
606658
586378
370456
578437
611977
674150
463591
377488
414406
432024
568420
583406
766706
512829
452357
494681
487691
272082
439065
448925
302345
258428
536531
286498
642177
515272
317467
491046
496194
262191
554187
352562
1103705
272526
540436
291364
260482
262495
292040
603389
630449
33635
493183
487416
614489
20756
22507
430152
1216838
258888
478308
569208
612750
302725
869896
25211
19539
21026
18621
521872
441015
684238
505962
59640
735368
60512
627728
559216
819114
269433
93226
626944
546114
606639
616994
636790
632820
613604
252491
508677
764696
490975
303141
265405
503191
465082
471430
295742
254275
436562
27108
19926
19362
584905
20461
340379
619879
467779
29217
25562
28046
493516
664281
444179
487806
609746
417384
490183
76047
69637
489969
529855
249275
636782
365170
451657
336060
557680
380376
328833
745795
342055
533526
527060
525780
771528
812626
786633
548090
334540
367336
533788
857667
610339
632848
613504
368946
376735
695106
372214
561891
588519
587597
581712
603616
691854
580749
603826
562855
363929
594975
650248
633248
604434
596480
593044
681967
569924
348664
361416
600087
606464
627416
629618
526715
567513
537675
569163
620308
364118
600871
595556
629507
555801
586739
666159
571576
371575
556593
427239
636788
631279
415981
356928
357088
356936
360356
353107
573613
519330
474720
604056
252211
622421
604098
606227
606691
514550
368849
431671
331134
269163
261542
290015
262292
274034
280341
262220
260428
259235
264407
416881
636127
607190
593098
708392
489741
486271
608969
504188
481672
436840
478754
37907
21920
497444
490467
277951
262636
269903
364532
92988
257864
578032
338425
490166
24183
24469
823869
995960
1001400
857205
608722
568215
736693
663662
354559
624660
598947
816167
759231
745065
813024
818677
495496
615392
697718
775793
617428
715689
559997
687871
611335
597581
958794
433757
343312
369934
413736
850184
362769
375901
747657
581276
600834
2543640
647908
350764
902561
804914
562189
393413
372106
365937
382953
368496
379229
508570
367241
366762
589813
1033856
764318
464820
373528
1026123
579199
460609
795458
596741
802877
713679
1316641
1038259
597138
543539
508280
1066654
1088148
896091
276772
674907
521658
521146
516492
517228
527347
512483
484521
269536
504931
528729
515344
538292
505171
511008
502780
481369
475388
482800
495674
478020
486782
2239966
491033
482963
512225
481161
259692
20861
19807
31616
22805
23523
23046
23493
402484
251951
375784
267973
260314
266762
255328
252739
255523
484740
434102
487655
443231
476861
504106
472125
496517
491942
484841
467025
497323
270998
265861
316306
263151
254066
261304
536007
460050
526458
514480
65955
125638
62694
61591
62386
789272
554615
701219
12961
605070
55213
41313
45357
43081
46765
43300
42260
44970
43665
43568
43268
44276
43865
52104
60873
681212
42287
43852
45054
43401
44778
44580
46168
49376
45112
47348
43144
44600
44559
44456
45879
44800
45132
42464
43449
49441
43806
46889
42387
14552
546440
295092
502701
576748
581885
654923
348209
488996
899073
563243
412872
349221
591716
131982
128278
553553
122728
134625
125249
256342
43359
42742
45760
43477
43812
46109
74913
43182
46092
43529
43064
43411
45755
42657
43514
42856
712673
42511
32990
32734
33162
30280
33821
30019
29351
33165
5034
5082
6278
5409
5232
4610
39410
524998
492447
39414
459299
518863
509375
525062
513449
493751
503568
289630
445678
455828
444572
455870
612448
616544
607552
203631
504560
455809
532103
561012
456108
42298
511754
274517
266823
273311
488852
510941
498457
534319
507300
6156
5111
542761
25622
549147
6429
5118
613208
12224
11764
297272
269280
550284
5537
479468
523240
478332
633511
654702
12324
11864
18095
947788
20615
1058113
667013
595885
747612
743052
609808
509043
659283
7130
500005
5484
611939
594249
605127
537004
816675
604033
602482
355665
609183
600650
594908
611537
556622
522433
537256
497960
519637
5744
492847
474940
627922
527507
480671
540118
476296
486761
486877
21825
499130
543586
512397
501158
662659
414162
573652
619760
591377
614851
740267
614751
602476
618187
431151
287389
77912
71457
75456
638960
727021
605403
108983
611468
599726
735240
617960
392139
447662
348796
599477
697644
788045
752062
578832
836687
702762
663253
618600
373459
3683580
1048965
4916663
358026
479380
4249272
449967
539511
590414
403751
603094
376090
302027
622306
584402
668756
602284
591443
498063
577062
637140
597305
596942
357227
271627
312823
695319
548512
605555
509363
517894
582058
490418
501944
506114
552489
13726
497400
634657
363385
11011
12496
12383
13055
807731
845013
18668
29610
19080
26277
757201
30854
31944
29087
45033
26889
40207
57009
26167
27555
27162
18347
587070
789509
481295
463652
501513
451726
492553
473153
447780
501486
459305
482819
456658
443222
450076
472772
441475
69728
266825
502538
603067
443002
471184
477141
501481
469726
262951
260915
501016
540477
292013
488939
542850
494778
366345
575363
895113
856319
764045
774395
726281
854977
975612
706624
740731
784241
882268
583460
574190
442171
489511
456736
449013
485458
431575
447926
483304
452831
493451
570839
465659
501539
488349
521966
263811
261638
498357
254062
449514
435014
22959
473986
396231
485805
11759
5483
4766
7263
12504
446328
16017
12061
17863
590700
272735
269239
477263
285499
11425
514580
514460
515347
11396
501383
258996
447193
455203
576015
534880
11229
497837
496059
493570
434744
463853
469798
504374
538747
254148
288676
507349
505941
516109
258536
495639
483866
500172
493843
514544
677497
74222
71593
65105
58999
59662
586249
492780
58113
508829
56079
476220
355070
496389
491275
483243
505625
505319
503072
476532
370290
529113
19159
511898
254183
465161
472654
575594
556041
7520
7464
5531
6850
7668
9383
6367
8053
6622
6460
8151
6240
8897
630979
6235
393364
42761
587572
110058
82544
76243
14653
627839
548281
327333
255697
496991
628127
526158
484564
638511
18332
263962
693921
452834
490105
308643
480729
266879
271470
178239
147189
147165
145427
146575
147082
146799
166446
158109
155500
147314
182574
490603
311887
125484
464703
66515
109469
514430
648377
507068
539105
508771
516523
575609
544784
580902
703195
594535
497123
495765
500775
507601
511706
494502
506393
494574
456256
533498
272354
611073
270121
579104
704813
270482
560021
346201
298501
362064
368634
922867
336239
355669
379248
705407
352185
558648
317473
335618
323812
537408
343297
309766
531103
380741
367237
359410
367408
569257
711492
581979
493259
268276
504626
506313
265089
266019
479152
560628
504548
544102
272913
1574118
519294
520477
497286
517414
262175
261886
351568
504365
275767
562234
497532
287588
283429
294006
285719
298489
273513
656470
626280
619569
291370
651732
511253
511067
554429
544812
545067
269040
330793
335551
271074
407564
327455
659798
662432
621713
907666
550242
13895
12999
687512
513677
374478
372948
369774
409191
271362
512926
7272
7271
10098
7273
7139
6053
6147
5528
7430
5655
537164
520531
489518
66302
58190
13982
14311
6209
6187
33172
463632
512179
499499
457787
492608
508376
461315
476213
510251
530815
300861
446676
465068
285299
510319
468276
513008
511914
627732
504563
594790
552010
584598
497858
491809
500067
520989
611936
536818
497596
530586
511863
500418
499892
515007
576769
492378
498199
507431
504370
108736
502136
483922
503588
482066
498371
473312
497643
590477
485828
459820
494905
497033
506054
496529
543090
471082
477575
493003
491149
508960
478094
486494
456099
435611
437194
554429
582203
445378
494777
113604
108475
111305
115168
109449
447253
514917
310640
284634
497044
517716
7381
15138
5907
8547
12799
16508
13101
13225
11520
451701
462600
13568
7129
6302
505132
599862
6229
12385
6663
16044
256928
260367
251838
251978
498066
610339
299709
491922
260049
256531
495948
38885
24214
22441
22577
22375
23029
22744
23029
22779
21937
22791
22566
22407
22603
22988
22627
23927
22808
22754
289612
258977
256390
491799
264999
266712
485000
482856
578678
507984
35894
594786
524699
289752
23780572
537802
265040
592564
625081
491830
488705
507725
448920
532020
619420
451730
435910
467233
483944
529783
256907
497612
501528
504725
555426
510252
106494
492074
265726
489550
497525
268741
503041
58641
522975
273002
488317
391313
391054
382961
382005
515085
517020
386133
511983
281458
391408
263308
393916
390949
406137
265556
261100
404296
430753
400288
254972
259852
403112
389629
257915
501787
349131
275874
783600
262703
373043
331247
287658
447021
388516
390062
512924
476373
488016
15311
12017
11752
11291
12251
12378
11605
11813
10996
11458
265642
374533
566768
441345
720395
320706
409623
394750
394993
407739
420739
712793
361442
995044
1109126
624575
405368
631250
705423
862640
349236
583613
495081
400450
661811
611371
375295
13489
329572
351350
1089081
383306
672318
445130
418857
434066
424083
716870
576479
651265
570464
611568
656814
708321
390291
785032
404673
336515
617983
344261
41112
24570
18732
20041
18247
382649
615317
333422
330418
328144
6475
15624
341234
452681
561810
356386
822548
626611
582182
613515
729889
630725
639103
592587
124463
133049
114511
113483
113984
106839
117220
111402
119455
114610
123300
113332
111863
114009
109180
391168
113774
111773
62017
447369
555188
735022
714599
710638
570543
584734
641691
581334
594386
1114867
583439
612070
565141
563666
607124
568919
784660
658471
685258
544593
657527
696521
539701
712212
657125
983153
621398
30932
18760
105268
135477
188515
137007
659688
127760
120696
130542
528623
441699
125946
124563
121715
137137
134961
125507
81617
76542
78371
128531
126928
129801
129931
122262
125530
125747
783679
698108
722282
637738
663507
649304
733283
485425
461298
646602
674300
662978
654152
672296
678437
78288
778766
693053
699285
688478
624366
312193
588778
667238
600617
394950
451225
585201
634896
351171
8906
8262
595146
598323
595614
596748
629188
358237
430377
529190
529600
417474
648024
565737
627995
597001
573752
555352
710824
657099
646381
651777
660056
660459
682104
674488
666512
783416
687236
672818
667330
631833
684030
667442
695450
596198
8240
328389
353985
365551
618956
329179
14408
17449
17905
728352
459223
691973
562475
8052
655086
638186
8826
608869
670717
776874
304462
699327
9405
13273
7224
17123
11933
15847
10215
9524
9294
7515
697996
6140
13769
14247
13312
576071
19221
14170
13261
7805
12546
12167
6782
306363
395723
985726
12882
8378
13179
13740
12854
12590
678460
502093
491363
281551
524488
485202
468273
563805
482222
301169
296565
302180
296306
300650
298982
587904
515371
587929
347393
506229
524937
522023
10581
10175
510234
491157
8550
278809
266320
683832
521421
523399
269242
268048
272602
315328
270518
259921
131877
544220
513965
506520
488271
274347
271026
303689
618442
278435
587180
14405
502428
12251
960357
695567
793436
734330
767748
733343
916908
776087
422901
8365
258328
504565
642206
496276
550451
934426
869227
821779
794451
769430
871206
611187
503235
508772
496812
500294
608176
493591
629775
651643
861787
748743
620337
573619
846456
352623
689558
645907
408820
352450
370098
577940
594987
754302
615666
676917
84393
320011
747892
762130
592605
643783
554273
114269
109056
748966
611862
567355
386027
395904
718931
599368
636179
632414
573937
600612
614157
548963
569847
580480
621136
606001
332529
619268
525199
514334
555148
545444
507215
532604
284852
635442
586429
514504
472104
507069
277833
514002
493354
550625
456343
454461
566713
495464
464339
457109
582747
537296
542835
573249
645481
602693
457187
552489
527295
515617
503157
26020
553809
56860
537000
549076
94272
110700
89029
84695
81847
84196
494810
539197
473092
463176
514037
525033
593092
481122
618518
587593
504625
481232
518894
508045
1084585
636091
271894
271266
275145
499398
308543
655612
631853
511144
520240
513813
475658
469844
504660
528403
539729
501914
499097
516447
511401
499688
629009
756372
647238
581750
294613
326745
469118
313754
527306
410379
622361
524257
268528
669964
292347
273328
759688
275168
305683
263801
294266
544293
492049
713760
605130
496487
605175
270415
652066
657263
518981
272516
489033
463605
290520
349287
299416
466245
303674
489943
472645
97656
77218
539054
277035
450380
487827
568367
551781
584875
575011
552058
547039
895162
951210
360875
738479
543466
575530
559881
590162
562598
615641
560135
577298
567056
584211
544849
587999
394230
562364
419533
600630
587025
535869
541011
421630
598723
551501
653252
539726
533682
592855
454792
434589
438086
433272
439411
525827
545575
520111
526710
514188
566494
520563
532340
435036
433266
509156
580832
485297
612519
363747
516388
418234
444409
415238
411506
426875
414119
395458
288031
599171
646261
582896
283765
407212
420596
624940
413955
495183
514545
467880
524277
504268
508723
270603
495238
281534
265296
338557
486689
271595
277669
271417
262636
291020
267112
255337
573437
585487
515390
45224
47427
50690
47132
46271
395851
100937
77607
89626
1406285
1063374
1102829
273098
271224
296657
309341
295244
313107
65694
42594
32788
262379
266691
805056
271998
552148
592717
561522
273573
521938
578054
406736
288527
546410
676954
307746
720912
603569
623468
679020
279597
667952
274738
312970
273788
265903
386637
1015471
608327
690588
588637
547238
447034
281703
272190
328380
283271
412458
256982
269465
270379
260686
269519
282400
259745
261956
268424
336178
378458
649686
603244
530805
299628
295430
292839
609755
278448
277237
268455
314651
582509
639731
466064
521305
508995
515681
512747
539698
521260
508817
509255
515418
307525
263622
261037
270883
270494
606155
494639
506492
302447
271264
664031
559118
545078
592030
356526
663230
607311
362454
370247
593533
588889
604899
590249
540904
552287
610817
496283
498227
30765
27769
28425
35213
536062
26516
27816
517707
502865
77556
268886
271938
552098
16279
290601
252781
256838
294868
271462
252713
265679
33673
21746
505678
509317
503999
501673
511119
575684
539495
501111
509494
506878
511392
492986
526286
564031
495725
514712
494918
486583
641626
571602
466049
469884
457676
450349
466817
479013
443793
455515
439974
450784
460069
447532
449509
453237
456827
435770
259491
451765
456064
464441
441405
445256
434478
471032
526406
446476
535729
701826
635605
452252
456505
455533
433086
450119
469222
476937
491980
446714
438401
448214
448881
458522
434932
464061
484906
489872
462041
465716
462832
525930
467544
509717
523823
461482
513320
504673
535904
507997
492278
512753
594203
78226
46424
41265
40447
49135
42118
40719
40640
40709
44155
40828
40636
40977
40741
40539
41260
42140
43790
41762
43031
42144
41996
43465
41756
41640
41529
41661
41721
42845
45131
41999
42047
45226
43002
42268
42537
42398
43967
42696
54807
47967
42023
48766
44475
43653
43660
41614
41884
42050
43541
45326
43283
626951
488188
275946
7847
7388
443751
8918
8462
6631
631438
617096
522982
494053
172420
165290
167073
167596
165459
171973
170644
170211
167230
167999
168023
172094
167586
168665
167765
171875
176885
168941
171050
174304
164594
101460
97650
107461
99096
99883
100735
100785
105749
99547
517516
97575
104865
101372
98755
103858
100102
162056
100950
514607
586621
517168
501873
468748
509606
511709
484820
269077
536957
660301
587213
485485
516292
662694
519561
99391
98903
104742
114629
99620
588494
100408
529913
108401
508883
488308
492031
496679
101488
103194
101761
99347
100215
99235
99573
99506
39711
99629
101298
102648
99492
35267
102214
100161
109940
115618
502698
35940
99355
35846
103810
36027
57059
506458
35777
538917
624191
520323
498718
505861
579121
269879
320000
285049
583033
492002
521455
481617
74773
80262
79220
78492
75833
77041
597932
542637
499022
509231
505331
511528
503386
513805
318582
503472
8804
13313
9439
9855
13490
9595
77499
576076
43908
568589
73165
61849
62740
64363
60477
61515
86518
83946
105426
83950
623456
741732
5978
8688
393809
277839
281417
718084
348939
629507
565278
278292
110208
578300
541579
473914
772686
603859
511798
507281
685834
7219
639896
491527
343236
270055
520324
1970329
517111
516874
530695
503381
284992
540923
890805
1526595
955157
875968
967187
856559
775983
897356
778572
511483
484990
895449
881814
839178
911775
30159
26765
789990
842238
518709
505725
500173
803369
31263
65962
43839
43085
53177
44814
33556
1247738
41673
51868
27492
39040
32746
33868
24022
786495
37561
34498
28779
46731
58944
29526
31636
52546
45696
70100
835234
516491
585055
1029280
793599
37047
590126
520309
262785
258314
526438
270072
320092
514322
261390
267110
271191
540975
285501
301178
268286
289974
272748
639490
285837
589998
605169
465383
516280
275473
700460
7052
653041
513870
507866
524782
513230
518145
560681
503292
25596
23189
23043
27578
546064
619583
662066
10596
10925
686912
573334
504502
450385
542010
20822
492479
698794
527352
538928
71478
482016
480485
522847
504617
474313
561733
29218
15032
29124
8579
9753
7325
8721
705650
6066
13107
11888
15082
547036
9657
9196
6215
9421
12857
501450
457489
512102
532106
462645
470329
474580
470849
16695
488643
489733
507283
8138
12680
12904
500112
13947
522065
594540
508051
486867
8766
553153
477480
447255
982348
12923
15856
9191
6347
6926
684111
85678
74902
589717
13618
595755
13329
6194
6434
16459
10530
14526
14026
7415
13969
360504
8827
10074
14255
48275
13544
661685
6763
560777
727066
618735
571185
9808
9440
357227
503938
449332
503476
8300
553726
367352
715418
660160
702560
668914
532147
475711
491820
53432
54991
40154
38774
37571
38390
38296
38294
38613
635228
565453
591624
601673
602613
591796
583152
603820
485719
511787
495282
479588
495484
75930
98962
498431
104123
512888
504230
533969
516548
505840
533934
258466
505636
77929
611659
486203
105817
495297
474117
1880365
329793
264363
524467
514801
514549
508119
503612
497811
500538
517754
501079
494844
490725
482193
522671
540357
469488
484213
22466586
576323
268860
491919
480075
619921
634110
491699
497986
454773
504459
478038
635051
634110
389190
383828
380569
376613
376381
390630
411350
377388
381739
517270
490250
584108
488670
488346
474602
526557
494070
513912
268443
815497
378176
492130
56908
485393
545310
599699
259677
267211
296875
261728
588639
266046
492525
253114
260199
253387
260049
249612
482297
261982
266681
253643
252482
284819
256178
254565
492077
255499
260375
521405
240144
264375
498709
577948
434273
586485
16487
17349
16592
16114
16020
15861
16281
16032
15669
16148
16214
16251
16279
17638
15822
352760
22739
17133
16779
16685
18517
322289
267300
17532
23161
17840
17106
18300
19583
699990
633095
592876
635211
631653
263003
646982
267491
493822
72586
665492
261017
507213
23842
23760
702586
520975
287548
270760
626586
494719
975061
891730
465618
266302
263545
273716
519677
513420
299284
653116
293829
569274
275874
502044
471798
479817
485557
506693
513026
500219
515656
513703
515969
497790
489390
496620
506910
451477
506515
496565
27414
28032
278850
14768
11015
265480
266329
14659
475569
479020
475053
10267
9432
11762
8811
14652
13126
13856
13740
13784
497049
535137
493045
495743
603749
599163
578748
579821
374654
403026
665577
500221
295094
331694
467390
499782
261941
269232
271766
558346
669540
4474625
600794
519617
639523
607189
575242
369459
517399
603795
618081
581917
525269
517999
481551
526314
274419
498724
639690
684932
704897
610616
622414
517930
562245
575021
544191
603187
677410
10819
9831
7399
8990
516270
536509
519139
512400
523686
631876
609347
612218
617167
602637
287058
577516
611448
93686
356803
524790
501456
513809
261381
507909
73372
61305
60904
501223
464173
467014
491844
484109
501516
511641
530127
492254
269499
457970
561716
259096
495980
264855
502726
485383
362365
264067
553858
276597
13100
10826
72007
61392
64042
64770
73224
68868
62560
789822
601551
611625
524186
543341
527159
555269
509842
513767
410749
390456
387231
391376
394757
399934
392508
406389
414221
394417
487421
17905
533340
19217
12308
13097
504969
272203
417783
260420
266136
279910
1480472
848738
380892
21365
21734
1835156
1286226
1373054
1250797
1139028
5226510
3651298
3795061
2260017
4164454
4252699
4052710
5779407
9196863
3956879
8190307
1413943
4571486
3609843
1665644
6629895
2150712
9160547
4229576
2076600
3253477
4090074
7858703
11343521
10910086
4722753
11343594
740369
8410478
3653372
272155
2204031
493435
273154
291271
577563
481876
357894
468385
472796
467855
480084
467937
476692
477402
472772
470830
474461
483427
261916
257940
255260
258224
535068
261019
295363
274719
257854
251554
495300
535997
489518
485364
495317
8717
13808
255851
170913
46431
537612
548715
446412
501442
467684
266728
254939
286433
513389
392549
481155
63408
479058
492024
70897
475591
62995
503645
289645
459916
74807
695416
61882
832640
65167
66214
656239
694062
682739
118037
788676
647950
124564
117272
122649
117788
136345
121228
112757
697813
127855
121398
123358
126099
125097
125534
116859
136189
114476
127359
110051
121408
126280
132451
131800
113252
117766
121535
124877
128766
132719
120338
177308
129510
680381
403514
78421
83990
77354
562235
566527
557918
730856
598363
596450
589911
580154
601686
599277
590378
593027
590804
590757
596811
598489
715287
602324
580346
614952
595042
490962
595844
543298
493222
497034
466460
316868
477437
561528
457382
494411
568609
576968
585430
585864
923334
1085514
1106195
1409313
1059561
1148225
976572
917653
1264692
644006
2938956
431048
639346
686579
607929
642013
631193
591496
600564
984164
694970
1044369
72142
816975
657610
635537
1078714
1161686
573304
587761
597502
662875
399405
569420
587018
38822
23562
24645
23620
23374
696995
628936
704004
567244
564649
543717
492068
511130
453950
566856
475398
612071
637957
454206
709635
781508
664640
411805
748517
855136
697291
720834
866030
634983
743949
589364
373110
655156
640755
529654
427220
400396
405445
509395
983090
581880
601304
80848
583183
71137
597672
592982
608982
574655
740250
574174
595698
455851
436635
626234
614806
562864
66311
563704
599902
469933
475457
484915
582035
515258
596633
633956
577226
452970
537294
417206
405142
514913
640507
335510
595100
662173
612469
1607377
492870
504227
460828
501975
455072
459970
460121
511867
389508
418818
421710
392997
392273
402780
510012
296340
463554
497864
497641
642469
23185
725637
27919
3336541
3353124
3860051
819834
846512
929017
894001
791681
905263
774968
791304
877972
769489
516510
1039294
869006
969251
1192535
664155
686642
690569
651772
693297
974225
803021
682120
651777
659486
649648
665132
675453
660883
706364
685789
667476
825459
813014
45679
41054
32176
809330
806934
706553
3307574
870992
902399
584711
851116
825382
1020949
750273
655657
1163436
957596
956153
993500
102403
97050
92910
985977
1011811
3275704
878035
834940
845206
560785
860508
984627
949764
1113126
983943
1108394
955149
1033949
738003
1742361
640436
982969
697592
874840
1032824
1031757
1008839
901071
981174
642946
1015040
996695
1336071
2190171
1867950
1994210
1859522
1663808
1865776
1997056
1358159
1219180
1267334
1197832
1290868
1235426
1214523
1232014
1363547
1191130
1311313
1331189
1461022
1391315
1267813
1219754
2006907
2188687
1297693
43555
78786
1062568
734590
699591
493235
936788
818148
762593
894641
743484
791747
813589
867964
825890
841480
470017
1387579
767467
891597
793133
777279
724610
802480
816278
781474
1197164
1171256
1256573
924083
916518
1296054
843595
1661958
1240741
797063
808612
832542
1968007
1495672
1842600
1629196
1482508
1486427
2267410
2098818
293544
3258181
3054136
75334
67633
1847681
1664147
1595031
1461309
1474394
1529209
1427097
1434719
1648853
1151273
1658952
1415445
1450334
38312
782829
783797
674353
425905
843301
406799
685840
41922
35345
659794
643501
701312
888182
19341
815635
933329
551772
628779
797375
328080
796071
661002
882249
831776
787600
672750
891877
1037003
1119864
1044918
863617
840223
685944
785065
723913
760112
784699
922288
760663
761528
778068
921043
816410
842179
768907
759192
775093
747761
706647
737973
719724
481596
704461
1175425
1116526
1164049
1013730
865083
883800
821505
806221
796380
724366
840090
784506
746902
786859
773097
1125804
1090113
761107
766532
709247
725779
774567
743387
788007
731180
774929
683871
680792
718454
722615
752758
670614
720961
744507
738155
737309
725844
739622
768238
732067
768921
695742
719927
758537
768392
722375
812870
765587
718027
729111
771667
709092
726305
739599
721815
765116
743708
772738
792560
690011
769774
732373
691258
669442
693858
670028
720365
751016
568776
566491
569364
550756
746796
809353
848601
709823
726240
787057
570794
664850
622615
619929
580748
590366
1016837
869185
1040598
945963
1511033
982926
983950
1004059
957567
1003693
884029
826998
758238
913861
1138460
1069281
669384
652606
676755
789781
1159992
1190173
1223147
996607
1265070
932838
901213
811542
836473
819216
819464
1177447
1318554
1217394
1123146
1052418
1215887
1238304
785281
768609
726911
841860
954687
756856
948871
993855
932412
905788
976079
960097
953340
960877
970913
931310
914003
946776
986174
921143
942849
739052
729529
715520
689924
592096
618746
666832
578709
795928
740934
737742
734678
720118
766659
733664
780732
735644
718010
759888
717865
686573
722436
453067
43700
40218
90932
57138
589063
367300
683053
450711
620457
384654
605892
619217
73548
360695
604096
648122
333812
324921
355609
340960
575209
491660
544442
782048
796969
92662
494551
801424
481471
95673
687199
685102
735796
868774
759279
838690
85083
816497
816305
642308
734964
741001
1047133
837374
647507
46796
76329
51151
52816
408360
44673
385797
41968
400766
38382
891929
620419
651773
674919
700942
600383
620621
992955
659177
23642
367984
394798
737842
758198
798419
1429414
529740
541275
770887
739554
788384
766853
3358283
382256
656417
379065
667568
386881
696633
379025
786415
977623
942322
742802
683151
958563
643197
612773
617271
374995
400853
383627
676426
350125
622698
516966
548891
945443
930926
950560
768931
754252
787130
763685
1317160
607908
75703
493094
476894
764532
841523
2393849
628073
702625
570352
737804
21462
792490
656591
377429
835752
629132
133258
106863
103384
105140
101879
100262
111219
684179
644769
611140
602430
977192
879508
405919
1347730
933362
970754
469541
519262
873295
1172706
992813
983397
1248048
819109
1572652
1068559
999358
532015
830281
819692
832725
661382
770424
673425
18815
657537
701738
666199
703444
597636
680048
630978
666762
663664
718917
591885
574804
613927
602846
663455
645763
610033
29163
31621
30123
34218
29629
30151
663400
642691
162378
155676
23232
175667
164333
560788
678434
74193
552947
398305
754060
679227
642485
769445
748781
668271
649326
664720
667903
624842
664947
603545
638058
653988
952319
1265640
1028847
1036476
1331350
522273
937569
845186
836389
785145
950752
694651
670381
726515
782950
747145
994468
913730
1417441
954847
690941
707076
406442
813725
1098394
1008779
1215984
1028503
1068497
999644
812319
768907
655312
682026
412004
402308
699918
108064
871883
1071871
1188204
1176995
1051290
1098484
1172929
64954
1125929
1022107
1231951
1276417
1266612
139696
122930
77096
98065
92303
88603
723985
759267
73853
854731
759521
636236
614141
889647
818258
895787
504758
1710233
1164333
974746
1003079
923586
812226
539885
480445
702507
518928
784420
858863
803897
656920
741189
360886
880851
404851
369265
918655
828052
1313505
498554
466107
470498
475276
471891
500770
467534
475131
476759
462252
479203
472589
556479
507005
534310
478196
469751
489263
468898
466058
474237
471305
478392
456966
572022
481097
581047
545024
498663
452126
977980
666216
40446
25553
24840
1000987
860819
803743
863068
1060321
1248269
4133927
4723635
1738273
1459894
1445704
1069047
1033253
210206
200130
229814
219903
172118
175545
175297
238751
171627
677221
548014
245408
242652
142444
196777
2889794
1150446
1886616
1216529
2096130
1171544
1151065
2113405
935378
2013525
1452538
1498528
1529875
1068092
1400959
1875103
4352550
1844578
1964629
5533510
1477621
1592039
5376581
1110969
978755
875302
1295985
815637
1366549
841036
1229859
810944
75573
405343
418136
772602
831470
661953
784457
792424
430572
824537
845890
664899
814091
680879
383825
674963
29721
32834
35931
642357
675639
808505
768226
645436
844329
942868
730194
830797
489030
693439
788034
514988
845577
696765
782014
723061
722072
892665
745549
723721
781541
727746
727578
756449
730238
715085
750856
733999
753533
751606
734702
568899
693011
34576
29374
3558018
627251
190883
10459
37087
22898
26084
17064
402471
384071
30509
12288
26733
9736
1060641
1299437
128403
85715
81838
67436
68418
64012
70524
65435
110291
76751
81267
88922
84737
77101
88251
95123
83966
85516
1125149
1211532
1259495
1266372
1227753
1097639
46999
32289
38941
44764
1391224
406980
660293
726118
654058
686290
679135
655593
689772
422249
628619
659146
747211
665759
749017
649215
645750
1332693
1849301
743795
1043844
1032833
705714
1070711
1215777
1079195
1118969
1264261
614417
667539
629983
396885
88591
628276
648188
643789
692175
1211350
162082
114790
124056
120725
142320
148309
141037
121679
111138
755334
377708
776040
661593
800971
662680
616413
656928
712361
713546
659458
2995403
868254
1128716
808019
764327
1144640
1019265
772963
384949
386889
386929
428274
419109
676805
662595
648513
936804
791650
612351
688857
720004
74042
852846
665454
387259
350220
861926
667955
4919730
374516
666593
684949
830156
367620
434975
738721
644284
300411
113171
82333
86016
87543
88483
811876
839779
484204
464116
450771
1458663
1302210
752890
1115930
1211247
709401
867956
27990
751075
1058440
799312
504204
463937
3555409
846595
827684
1088372
587794
573376
1031270
1204960
1109927
1202756
721390
510283
897676
642623
549467
657497
561655
560397
611649
546327
520126
548287
553779
559979
559742
526512
576707
597333
583725
534337
598212
336902
431818
328909
316707
317425
344407
337633
444465
320201
342995
514459
277249
289562
276563
277340
278057
288470
285309
287012
299526
286897
293313
274968
283041
289375
286549
278258
272039
289240
292081
278156
286040
266131
292213
272517
272743
273038
292284
283858
289409
293654
285606
280206
280156
275091
286304
273427
272805
273309
278502
266668
288539
295686
794906
400875
271910
270078
281491
714029
716406
23542
21015
19931
682355
655935
696389
661348
97860
391779
395477
454440
797005
707621
666029
647290
163144
96165
98427
97383
634231
485485
485864
467467
475176
467652
490699
480187
860867
797418
822635
10154
23574
763645
9802
476544
792824
756764
793245
735887
722259
1114103
806127
415021
762004
24279
21551
753690
22681
629950
635731
392726
25083
11073
23268
23108
859532
166234
766153
797438
239898
155612
148624
152516
178609
149296
891134
681024
555938
670372
392334
869133
427433
711043
382090
663754
383705
669807
602372
687217
618904
732831
396718
383212
390574
368869
647321
439151
692100
378762
423873
666602
656012
362066
658542
698925
658039
662428
671138
645440
623382
638366
622769
597505
692151
713078
686044
617766
640146
370641
678874
915727
750567
953406
788076
771438
761762
727796
842560
817851
784057
831646
813474
804346
824705
827154
1178164
751211
549833
840441
819233
862385
804294
512441
1048674
308130
404839
885144
676862
711023
61321
577804
849347
175272
177182
181221
705452
119998
114724
120139
114522
120918
122544
120015
125525
671328
46870
122195
680228
815540
681224
727420
729850
622495
686495
308079
46833
303962
52782
316793
43783
309796
49399
46104
48068
305719
305922
46110
310494
305252
309562
654997
718283
686691
28212
23483
29978
11202
816407
625085
905837
903209
392638
376325
354359
418566
370046
385997
374382
450929
822029
690191
681644
662978
436250
813373
414192
666718
805878
713124
758191
655657
706935
642945
658382
822422
664844
626657
731646
686620
617639
677501
657703
681757
422257
1306770
1072636
2479995
2641175
1068413
1163519
1095644
690131
372396
715772
767819
39768
1045638
115441
56999
67232
116104
66143
740747
51163
1072244
742438
1075273
473370
824009
666898
1475767
780777
1122417
1360167
2155343
1769732
139932
1716398
516706
95253
81904
67782
51357
692859
41546
46271
38909
36925
