183177
178107
168899
198163
277772
204612
269824
175263
202848
157118
162753
158065
165891
337258
216032
174863
2926187
208532
349030
299254
182679
194498
219438
202219
172377
235594
200736
151408
741489
235058
224454
247611
239988
313196
290216
371617
306616
225785
253736
341613
260937
207337
225874
249215
273796
258438
240162
213890
239126
238413
243306
204646
197693
241427
247839
262757
165089
193096
202314
160985
208439
179523
169709
199409
254794
152494
334265
178786
158364
188498
223031
174188
205470
303411
234315
260853
208900
219861
180911
186907
266147
171814
191726
186232
181605
268485
336407
190333
192977
181594
201330
194542
194712
192430
191176
188329
221125
183426
188922
239098
610316
220478
186769
204361
229952
197224
180964
192611
294119
146068
206842
152471
165349
212375
182855
161756
178616
158680
193768
154521
168780
172678
172145
150772
210679
151549
271277
189206
228529
705063
358308
359454
335115
456575
161766
479973
248022
216185
188836
200609
209195
185167
293452
337715
330162
295332
215578
197220
188448
203065
201184
179887
246724
209282
197512
202769
190864
181603
192756
227880
185781
181572
193086
198182
194464
183940
174721
194411
234174
272110
198829
234267
246994
190868
221853
197224
243686
210851
207634
216183
201677
234055
269721
222345
185435
193166
229087
184180
302129
371659
340514
201015
405880
340487
184477
230973
753071
209844
285781
285131
252089
243232
214735
254067
468291
269168
311406
221770
287867
189222
216040
195387
202167
225795
242050
197469
196374
220062
188332
341101
306320
230313
231621
186490
188758
177943
194082
202431
190568
199347
183141
210398
214081
190091
218330
654600
372358
187693
162139
146534
165452
162396
165383
196795
1238292
1256653
1033928
1059868
230787
222372
268351
177523
158066
559748
516198
220216
189069
219635
210251
233352
669403
536924
572049
540256
217445
197813
202154
217282
205380
261464
209833
275549
216895
231087
212793
239717
216391
201576
354130
251988
221484
226390
211469
205275
235860
219418
196571
338525
255857
166304
239933
237510
278998
265375
336341
149766
148669
155045
168518
706749
952742
830514
186623
245209
1973748
695274
544829
573105
559789
561555
608093
546198
568037
579800
565967
571196
521767
245185
256239
276972
272303
330082
202122
275628
160637
232589
163686
193186
167929
193730
691891
577969
609673
592215
285383
304540
284174
240228
236829
256715
222685
214200
218129
168544
202659
364373
711531
426169
692326
860244
605867
612758
669971
673984
641757
612332
619902
635126
628311
681780
948831
732488
171043
227534
157950
392003
334149
374260
316229
340357
178488
156332
195273
249184
356361
208871
178428
196708
152788
178421
156494
205303
168811
162039
223976
173437
155509
209841
241281
167691
257754
159139
202376
312839
716831
164405
162190
153964
265055
342452
242853
362448
327805
333319
320284
303495
284449
352376
204791
167914
317899
359037
161534
224185
189661
376037
378266
377479
330831
284020
404614
315741
316117
272987
312638
384860
355393
393711
341245
322200
295548
339442
330850
271324
515961
293656
297165
157812
239573
196361
256878
208281
201146
1216008
212767
177976
167389
275624
216483
180207
164831
168138
153061
670955
1042082
514676
1163788
1074427
488597
544103
455718
431759
420681
445402
426973
446982
414593
414961
429564
442538
496619
427017
164779
160278
171304
556047
511454
166444
196572
232878
608414
625109
720981
642014
166625
185390
166685
211248
231340
197015
4463054
163468
262673
143625
175041
163458
152618
170034
150071
172495
140996
159236
164853
158745
190083
151886
175474
161592
147500
153753
300689
185927
191413
201796
144433
156492
180975
158688
172103
184683
157003
144970
173848
215719
704937
582220
614252
533847
583799
520777
548664
534973
521391
532923
575011
534165
543060
592919
586425
654803
611765
556375
512636
565522
564636
527677
571969
572475
625166
586864
664211
597770
715915
606712
717316
674941
597812
609215
674285
619678
622975
616327
651953
687493
601891
630376
604463
249435
212331
208840
249204
247901
247586
235329
217773
284559
242111
220152
245083
263743
208941
196363
226856
255991
307738
337688
358949
326070
215562
221232
233667
203410
266208
198863
213068
242021
196213
217651
229938
209167
212881
245811
211634
205132
217005
231006
263262
220376
214980
233165
220189
247427
239137
232682
217459
217538
314325
218569
200853
234400
237469
304738
305143
306179
299462
272964
248062
230754
303282
344233
234570
235295
235517
208456
222172
234203
262827
233334
441199
194429
262429
204618
244395
190457
268999
236060
286648
204681
269194
264313
265828
237644
224547
228965
238709
283145
209283
371181
347498
276471
222041
217517
253185
252241
288625
209675
271823
211419
195023
223222
197218
246584
224276
328107
276742
203271
239954
244806
234645
244752
249442
223417
326845
228418
233193
258118
221677
204267
238023
222047
272826
206407
260069
382390
337239
327199
249661
205154
229271
226420
195405
177099
161648
180826
173733
195070
223488
1056442
855838
213016
167077
295921
313652
162310
149045
244303
305694
219587
159877
156946
170907
244241
215855
147964
156514
208151
154635
897985
253921
199762
268262
216181
219415
193006
193581
191276
206763
153240
160039
181535
197412
176751
151980
185187
169450
167582
160088
202330
165554
148483
282038
188491
272317
212156
198398
199739
176955
322707
175201
186553
219712
181727
211810
167479
156278
194317
202181
170743
194744
182856
229720
188409
336429
161369
171135
266673
282098
221577
227306
220181
190664
207387
250848
333602
225645
224573
287725
238182
230240
191036
208352
211328
200682
570013
214897
306140
220079
188009
251244
227819
235847
199573
189320
239583
204088
210826
213989
215877
248507
209630
197950
445466
350322
272876
303264
323327
243870
152622
161525
155230
352180
156388
156032
204977
155518
164358
146317
178964
146408
152197
172170
137881
165337
181429
145852
233784
213294
210784
156927
200517
148648
150984
151031
183799
184206
178735
174708
172035
144716
152482
170025
172171
155813
161327
148956
195445
203490
155332
208803
179363
145628
169655
169865
227255
192957
174474
164205
188898
165538
157076
225417
166553
159136
161144
150032
178222
178801
178690
151140
156508
148672
196147
339603
184039
139234
154154
147648
956641
1177380
193061
173379
257162
201851
251529
177681
196894
209277
176631
219645
188032
181167
178664
175186
236317
174351
163175
160875
175825
154219
173140
189063
161536
231555
189417
157424
215617
166447
204105
166658
153405
187824
179969
176469
171676
163329
182484
169777
171813
167360
164384
197870
211307
227474
166707
163193
201103
211297
162881
160424
861849
606172
550331
582449
617950
588436
612979
623721
560302
546367
169985
153000
159097
182480
389657
150542
312541
172913
1284476
191430
206569
176173
286837
180133
254683
168555
171213
198244
159631
187097
225388
184341
190333
249245
173994
334561
304381
163226
257713
198748
439569
314577
194664
223566
156375
260269
174645
142983
170311
206034
176661
167303
245408
145195
181209
167041
168165
151557
155617
162148
184901
182462
217388
155937
186570
156548
163016
190188
170694
167346
147671
158457
165139
159556
197422
254303
170025
164676
176408
372973
393738
444476
374058
464159
450871
520884
414485
384711
3503348
2720519
2539180
403740
2924562
2863544
3082934
533899
313678
456652
343796
332874
358692
296949
295213
297281
1354589
216851
154838
177944
161736
209174
146721
255666
153406
2086105
640116
257996
1122397
2818673
389441
504543
638636
157182
1545499
204966
455847
313396
205259
153517
256540
208297
167081
169260
151013
150092
171002
189202
151900
179522
151666
235762
187299
210200
143947
238088
297271
338826
399451
316038
316930
153301
154409
166562
221955
167278
144373
167406
171473
192807
260650
178680
166185
271480
174136
174808
215858
250922
224651
239519
197973
146722
171590
430149
214264
149820
312385
158839
206411
309226
295686
196702
301873
190363
225662
236450
208009
220442
207114
292825
247723
245669
275645
260901
296452
258400
267106
306442
201186
340535
574154
367182
164504
169965
174951
198455
190112
154694
147220
196879
161782
152574
158103
177462
166183
146435
147556
163214
188728
158690
169303
224081
169955
233149
176484
194330
188716
160207
218426
406481
287528
279855
308856
282375
356929
386711
325607
299132
292331
313073
319263
307502
383709
322314
329143
321954
354407
291866
304269
315393
287109
305264
403020
334624
671956
604324
548278
566628
625599
556530
595526
594274
590460
239199
162728
157806
233460
163031
148103
173159
153972
175701
153704
154682
163592
206716
145370
151426
175074
166827
153900
204288
418802
162457
153037
149581
149671
173296
157366
149103
193432
163848
159478
186680
154673
185667
167654
229959
163701
163444
158234
147650
173200
167836
212861
154689
181742
178371
158752
215244
221715
203424
176395
164342
156372
170126
139204
181594
168363
183414
189172
181083
146892
150368
184062
164401
173223
196352
176173
184958
167938
152178
193231
248022
245552
161070
153587
147947
199204
171160
239963
146401
175314
192834
173687
180584
174366
175880
154786
204615
149594
155543
252353
146059
184505
197821
193467
165907
162740
310552
190277
191159
4090374
3888146
4010264
346931
343933
154071
160698
169799
339443
168933
188751
237781
317642
155707
192864
252143
223661
247116
191136
165759
197252
178708
154195
168614
168948
155403
155329
203788
167085
188648
191708
152213
152276
208519
171136
182944
197216
156338
181374
171016
222606
224336
156054
193390
1068507
177974
242157
444743
309112
195400
237410
167688
163503
176232
172535
184802
173775
184637
154114
162219
166884
782799
785514
396166
315421
