2281075
3341372
139813
143608
151544
6097
146462
143674
175994
148086
148718
153000
3222988
3218220
156461
157337
161681
166156
146679
149467
148129
149613
151057
164972
148020
150138
149683
160481
150330
154821
157471
159723
186117
243700
168178
3328503
6555941
2102991
251763
150064
712888
599723
394133
400271
1076094
959540
1146041
864902
269706
2508606
312873
154076
151642
148873
148071
149396
149326
156555
148308
151334
146434
152864
143082
155897
150877
150163
148378
153722
151421
145352
156597
155372
152683
157643
151282
149105
150765
149013
146358
153083
164103
146365
150158
153416
749496
787143
461837
156937
2632032
149309
150160
149414
272540
238335
155931
148425
166069
151693
162587
254038
153723
147550
482526
148972
162919
150912
262825
150553
291840
3502231
284264
142016
145219
143827
142172
250017
153172
3594951
3579007
3451586
3461907
3469007
3467777
158520
147416
146940
145441
140843
146552
142642
149097
146341
141884
137955
146943
148494
154367
147085
144218
146313
152548
154244
143899
157405
150208
150908
153176
683295
151180
139536
147584
161959
212788
157854
141721
139093
140608
165326
137063
139005
138337
143356
142351
150024
149999
150873
147839
165017
2620931
2525114
2747098
2176998
2009925
2029220
1971165
2119388
2071577
146238
3427807
3294432
2718983
159404
137411
157480
2558721
2207276
3987
184264
155051
147604
158318
158717
157483
150862
191754
153728
158333
148169
166476
3954
164774
102886072
995185
564787
533269
94123126
93146876
2271303
254568
167802
160618
155031
162925
168020
150811
147942
158857
156045
157764
159891
151776
163526
156805
157465
3469272
153378
154922
158928
149868
2690430
277442
160251
144695
137861
146883
3941
4817
136736
147370
247426
175467
142721
148360
147391
151189
139784
148937
149764
140799
151974
183047
140001
144328
151841
138391
4161
144082
153589
166128
4078
154165
139586
138712
142581
8988
5483
159635
163443
236566
148362
157483
158062
153886
4907
4155
145464
144410
139514
136738
144856
151056
175240
138239
150847
135517
139383
150735
5090
4529
3927
4686
143776
4074
171671
157633
145273
160322
156610
200279
237500
237899
9162
201493
172942
195587
11506
204153
154866
194504
5127
2616859
907008
179760
167386
191242
6009
4127
4129
172706
162296
197328
183555
167634
168124
158352
152377
156480
2660548
4507
2394792
2194144
2164590
3128251
2345575
2378274
2173022
2469269
9293
5297
338796
202231
169275
164071
191624
155025
157938
178111
166255
153989
158359
155424
172372
169245
159526
159966
151542
172986
177264
159651
154152
165363
160614
163100
179179
151355
156372
155126
185486
159817
2688028
2060574
2016116
284060
10080
4222
4240
155461
5270
5614
346960
176909
138933
958112
169642
148234
149317
157335
166438
159309
889766
136671
144212
155073
167660
169503
155978
163261
2740636
262643
159119
326505
295525
275149
175522
159570
173644
151138
5330
148866
157852
4633
146009
150240
153709
146381
161499
152438
4272
166630
147337
153985
154509
152327
139447
150689
160878
154469
159543
3330510
2819871
4295
4656
4300
4368
139300
224798
185358
154798
211992
223048
208570
188365
227190
188103
201318
4624
139675
160345
168222
19880285
4072
3660854
9793
5197
4652
165645
4815
4133
5239
6203
4460
4632
4667
4304
4462
3724
4801
4079
4166
4619
4161
4295
4939
4420
4275
4081
3896
136185
5076
221775
4577
4025
239717
150495
146723
153210
148774
160142
151704
153671
141341
153427
148939
147446
4448
252338
275939
314944
76216754
140067
182163
171783
4650040
142489
148179
147403
140779
143068
145144
139933
145704
145842
140680
158689
145723
140205
165754
153270
4626
4620
4456
4624
874280
5237
145569
149855
161698
148839
139724
5264
3604372
2013898
2003038
2005610
258655
155085
4680
