40380777
13397521
3494129
145419
625819
729240
810626
880969
905734
22407
32370
80272
22240
19681
22731
49511
43520
76097
73293
97449
176805
88023
153227
197285
234271
235598
277726
307754
320659
302430
302494
388035
358623
392787
364299
427223
498155
518204
504138
522896
508095
504961
518916
777174
21464
30275
54136
97655
113539
127399
182490
146888
176567
29311
56999
104030
120575
126562
218285
315017
400227
459788
488290
469406
124788
29320
56878
108255
130777
218163
954958
1155228
1908575
108634
65325
59112
88432
164803
274927
342313
175834
210636
191754
386311
382571
391200
401767
44914
89772
162332
417913
891027
872632
965428
1047658
1280668
1450081
1618363
1591088
1700575
1726110
2020297
2016687
2505316
2279934
2249304
2560408
2554088
2670258
2917559
2995040
3002936
3406102
3391406
3556326
3860355
3985173
4154187
4499619
4586243
4799848
157433
262655
273484
431945
520146
578243
763432
863337
1062796
1168669
1249146
1388741
1466393
289046
299631
645473
743331
798631
897099
1219746
1347900
1720662
1609993
1670158
1815626
1864478
2155347
2183430
2201695
2449641
2613879
2709180
388512
84492862
34670
36280
82705
283534
546986
65162
76935
76854
35653
146729
77507
123355
147966
672249
1207495
1546892
2964819
1038701
1259176
2422898
2847021
1110540
2196681
3013688
2953192
1133432
2169622
2834799
32740
2473170
16246
46216
78235
127931
131184
151325
87313
133190
142357
147291
148556
176363
172513
185878
196402
194595
186385
231840
207407
236116
248142
276671
319549
324539
300415
307165
324474
536388
397506
378323
395680
419378
396358
464732
484382
500695
527940
593139
459514
450984
492962
502990
575259
623789
499191
586009
606961
601093
651623
703234
727360
701734
746461
723397
742936
15386
827845
971961
2348751
218091
327721
356942
289682
328690
377554
407115
1855126
567291
286607
327903
402048
281601
376449
424285
333384
438430
78779
78482
130944
169035
188677
168963
169953
223747
225277
238002
239482
304672
309972
317691
378578
484932
515010
536499
526985
577378
556874
645533
694862
730896
778147
778516
807185
859957
501545
864676
964764
74634
892148
991012
1061610
1009337
980285
1032668
1079458
1122013
1081127
1086298
1080221
1123243
1207318
1207873
1306413
1351856
1367109
1418524
136705
121477
144648
151924
153077
206037
227278
254554
251510
272994
280336
331551
344991
380517
430498
396096
403652
419919
422200
469020
521621
531319
557200
551587
570404
33001
63992
23390
82369
134169
23892
184365
33925
220490
218627
253163
282655
309641
350947
91511
230829
215459
298369
520462
210239
334808
570483
731916
974113
988887
693182
895162
758722
1018785
1485800
1077573
1527607
1166386
1613895
1751194
1803927
1752589
1998353
1808715
2245107
2401561
2351636
2551543
2418407
2571890
109210
113663
253146
254153
286014
49225
91390
175281
51028
95256
402649
414432
482293
49613
104230
407571
443068
516659
550130
614380
664138
47496
93155
410193
471706
658984
574893
619443
2501136
2530695
2526227
2483830
107669
79994
333389
518493
754654
385800
3576657
204058
866061
398740
1538225
1868014
917626
92773
91209
102199
98771
109727
165511
574349
712969
791390
950095
2128124
2309787
1753821
2288947
172765
198129
143103
120524
242062
329556
385900
407830
426268
431152
505281
487060
533658
547624
564097
586407
604853
354738
339675
20425
58874
132106
133245
120542
66429
147653
216262
122734
363395
812817
988780
65725
67351
77588
93866
100350
122451
133951
145155
251492
255477
242535
289509
278840
290812
274972
343844
379087
374584
368137
371776
373284
476658
524549
537410
597718
579559
568369
569930
572394
585208
632381
591010
1901739
606341
609763
742884
639958
713368
692624
705308
816166
291800
686633
815948
671641
740669
835299
670426
827313
376260
710963
676369
679297
911568
868143
784849
872083
948358
894259
1010550
911766
959869
968430
898420
1001056
1135898
1348108
1118034
1343408
1332505
1286963
1347244
1364519
1368672
1789314
1689739
1343322
1690095
1708840
1735073
1407629
1701973
1742738
1836945
1931364
1948141
1816469
1973415
2042753
2118140
2110439
1889789
2034346
2077937
2110430
2088513
2194176
2103328
2153783
2172415
2127319
2149407
2308161
2257603
2564678
2480521
2367675
2549040
2568626
2774760
2753351
3041999
2773395
2549134
2527166
2574724
2760513
2830753
2871159
2815511
3084865
3048171
3088498
3034188
3085928
3269903
3304956
3252747
3318427
3325687
3325982
3299940
3343577
3300138
3411569
3343582
3320520
3407554
3459175
3530720
3645472
114008
191262
3623401
3617244
3693326
210380
251492
270117
23059
22147
13453
18184
23496
24902
73560
63259
90023
88116
89199
33325
71994
157432
164202
32788
160910
185067
214335
200364
153110
181822
205288
214269
260901
281552
261648
343025
663429
92527
181826
90763
186663
371776
404904
419973
91835
220330
383242
347497
441245
475840
509562
436013
493175
512353
250609
222796
208544
224037
432674
533951
599875
603168
469502
586615
587288
655768
224729
220812
477719
586365
591597
685125
654052
718782
214803
225525
468140
597884
600901
685922
664396
849437
887630
1116769
1288838
1380409
1450273
1512405
1610620
1725868
2143953
7050584
2291480
208543
212148
231290
477296
588790
601193
677754
666341
843638
1054705
35220
11101
102487
218999
239245
40747
52527
44426
42764
34086
38156
79914
525133
13754
31465
54776
79289
41135
213594
77648
73584
175651
1103366
1938898
120550
124638
134258
80535
218984
251194
7861
8900
8782
8774
83198
37998
83477
81490
110227
141489
112635
143614
139741
188661
143662
229574
235157
240854
54573
75423
114103
141747
230897
249865
250127
278754
303451
360396
408650
467396
554936
612525
674972
638789
645763
648640
635533
650527
703322
753697
720984
825342
764660
772560
852211
1002085
957742
1025001
1073459
350452
1052156
1289684
1621655
985602
1042557
1099870
1123743
1100407
1154128
18712141
64947725
145467
141669
368083
630620
62150
98472
10036
10367
10859
10633
10518
11321
8663
13461
18486
48976
42673
72998
38537
73893
67965
69517
39431
9669
13196
14617
63753
32465
49752
89911
167201
164533
155717
185187
217338
226926
222064
241889
297069
308599
321970
52105
89367
89199
167978
113869
536087
543227
1709435
111261
108029
101452
141195
103881
125131
187852
102346
132632
199738
350489
319455
333960
352854
382094
517838
545858
584900
654950
709350
803961
870752
993440
1001209
1019493
1049232
1122315
1123756
1256017
1385994
1517522
1554423
1645390
1683441
1710847
1843708
1840955
1855893
1980024
2008573
2095779
2113752
2166561
2224497
2238318
2267894
2377742
2527081
2532586
104734
122696
245469
327612
370132
450877
555758
560580
681792
714507
804303
1035907
1061698
1107563
1157348
1090966
1160594
1207849
1465007
1539456
1586766
1878613
120057
277132
119780
275598
528111
515271
116932
398778
558850
938697
10252
8085
8803
8104
9752
10670
7790
8851
7454
7673
7704
1545093
8082
2489411
2812627
8790
3153930
3052884
8033
8059
11634
3210054
746940
813599
1200610
36135
7957
8587
8273
8717
8932
9314
8226
7560
8745
8743
10735
10795
15246
8789
9227
26596
23532
76934
58989
63150
42329
513795
1665381
417222
917349
144961
193160
211589
256840
705423
364542
422064
726470
377643
29205
51044
74921
92003
42695
65927
67821
65376
120345
138723
327849
14278
9948
8242
8255
8992
42829
8357
18203
116698
203255
219794
506718
98198
8923
9331
166425
408082
406060
407818
147249
133965
11561
8434
9049
22657
37991
42895
65058
207209
10024
51545
73762
184467
35176
39820
40710
132013
731269
893835
884435
1046692
231427
490458
208354
280900
55516
183133
195027
55499
123981
198193
260898
824190
43912
96618
82949
891224
187246
910572
596769
458851
230114
276928
992980
688675
21867
21355
34726
34124
45432
2617961
57708
1310958
79163
3952426
94187
29419
3911988
64680
849198
353790
439144
3337403
71608
3568186
77383
122535
121212
168615
146260
72188
44546200
102637
138137
3684425
158220
30978
24464
54234
25327
36964
47318
152226
25519
50604
115794
25853
10751
20718
10567
13155
11141
11998
145818
17697
39987
73474
89172
100814
186587
135549
107722
178878
70916
64563
13970
235546
12451
11510
29881
315706
356996
498520
809235
11598
11911
12382
15761
16936
79882
86943
114946
144064
165328
269583
10537
33283
17482
51973511697
9301
14858
22375
24464
10265
58427
128668
112953
135909
136658
150990
162563
231347
294550
52693
120737
150243
249734
114092
192074
374015
396780
524517
926749
1079499
1164978
900358
1039255
1328945
1817648
10683
15341
18752
17451
20734
19337
1029921
1148975
1817788
21284
21527
2905694
2870405
619364
617347
726705
690747
11304
16131
18079
19753
20189
263175
392269
310649
416038
435739
418227
441110
16361
434757
16262
18871
446423
22702
21199
40453
22826
486800
23379
499830
24196
24800
518603
143879
373246
421276
581886
606872
679011
690147
669429
678742
854928
984979
584632
587311
584371
677055
628026
692273
764451
719727
735804
786039
771440
759350
844251
931966
848037
863221
878080
966233
1013755
1052374
1062739
1147381
996508
1026283
1114757
1183477
1182461
1204457
58516
8181
10288
9736
8146
8388
8984
7799
7816
9181
8188
13489
11306
7570
7432
8491
7638
7792
930392
10914
10504
7647
7877
8030
7606
9242
909064
78346
93077
127741
168714
333346
368218
386936
397095
424029
453657
510514
507202
570880
607386
616909
642286
631383
672196
727504
717435
814071
817917
879392
908633
940128
1028937
1103159
16049
19619
23367
24612
28678
31585
31202
35229
83188
42785
86029
41888
44384
39263
97720
74071
95810
118584
1193134
723929
2802063
117835
52823
79462
59692
194467
64620
158510
46021
118117
170934
99805
113010
175022
697059
289554
235315
385806
418464
508956
529583
514263
654838
535045
583579
720847
722897
694390
823866
921926
965103
1079077
1085284
1184431
1220617
1238190
1271822
4395847
1425946
1496300
1429849
1511325
1600568
1565784
1640746
1573319
1563685
1571461
1567146
1598287
1619114
445527
1580922
602753
282933
736411
722772
242968
398831
393185
756653
878528
1270943
1143566
1262983
96563
9906
7987
9410
9273
23129
86896
193166
8630
7955
8206
8759
8438
9063
23747
84552
186586
218379
321959
405692
56082
1735857
2243789
1631669
202177
139985
185128
330284
49616
125244
166842
183852
120800
218344
130481
31247
41525
33487
41354
42812
1465771
1955304
33235
91123
101965
147511
190000
231178
200502
287466
282454
308173
309028
41152
139717
83229
158759
196024
196902
285271
288365
85156
181188
206632
197916
289499
1627003
1955574
2607701
2875047
2754435
1500832
2154723
269884
373601
38473
75861
121209
138383
147636
253380
272190
375815
387689
408134
421860
455455
290106
465734
379940
482245
481982
472702
494934
564107
615248
552523
590338
580162
675414
705742
710793
724566
554269
742739
818937
807070
851285
883001
908154
878984
874086
946854
962967
1851351
1026703
1043820
1012888
1018840
1203962
1149828
1169286
1232209
1296196
11461
23090
24666
77314
11012
11760
11966
18491
18435
19202
23072
23480
24026
23853
24120
13365
26723
89982
103767
127070
193758
317682
324525
373512
1486898
2178817
2828262
2770105
1502238
2762690
3058329
3756127
2222095
47299
3049741
3224401
3216631
151806
120384
134291
312890
393062
477853
445539
93301
580309
385070
771134
63061
65103
68832
65874
74931
106754
568027
78935
591906
606643
63417
77211
96172
11757
11750
15607
58859
113175
586995
834193
1082958
880657
1258199
1095386
1124569
1539552
1527603
1516024
1584096
1697074
1817806
1545748
1655249
1575969
1737210
1534977
1795145
1909548
1540518
1861620
1548884
1298999
1336604
1388494
1399034
1383468
1504112
1424484
1444866
1406437
1480698
1486500
1519545
1558331
1506546
1546529
1556457
1573060
1625597
1629632
1637291
1642066
1689114
1616239
1666857
660927
1823961
1791012
37275
13050
12575
15910
46951
85009
148252
18234
1156927
1786101
1878479
75905
117087
18397
171155
28273
64364
62545
195826
157201
305848
275176
160880
332081
62592
157828
338119
60227
424247
159679
469752
141253
490451
162495
666990
292035
583008
820219
767246
311165
724656
280870
851122
352197
844001
301012
307488
907233
999134
2502064
881964
894025
314672
1391530
894728
849542
267641
300348
326889
387977
3156202
858799
1179212
97831
110722
105968
110496
111106
108744
124734
2193806
183561
167239
219822
279862
291278
272759
275126
303803
272863
8413
8328
10209
12701
18314
8614
8724
8850
8414
8460
16840
2579150
3673618
3837018
12051
3657885
3436437
3595572
5862417
6028357
5721914
14158
15203
8447
9032
1429022285
83692069
64997868
69369787
67881908
76341158
18534
1121183511
12539399
13840187
11855
17238
14956
5944334
5912881
5903655
6047357
6001149
5904737
17852
17222
16606
6112905
6074792
6132714
5975868
6081263
5962967
5974693
12902900
13755211
13815963
14299216
9929
226652
8758497
5703771
10948291
5841038
5882982
5884520
5961802
5905280
6046049
6042250
6081991
6058883
6053531
6031618
33179
5371094
5494637
5513911
68392629
75689532
66368076
12832212
12675713
8948
7606
8020
7945
7690
7825
8966
7909
8429
9651
8248
8025
7922
8180
7765
8259
8105
7897
8026
8377
8604
10803
9001
8098
8011
10996
10362
8951
10438
13321
9113
10564
8695
9373
8997
8581
8501
9427
8797
8117
9568
8442
8829
9395
9839
9213
8711
9272
9181
8819
9339
9658
9251
8689
9256
9312
9260
10321
39915
9902
12530
68033811
8398
11250
7915
13796
9218
13449
12226
11641
12108
12644
13004
8525
13703
10560
11229
10947
12750
13255
10218
12960
14497
11936
17844
13754
13801
14321
14465
12501
13707
23521
794980
1372868
1295300
1553562
1770326
2067883
1516383
1852062
1994642
2771113
675844
30401
12314
16324
83407
246673
1610909
2251424
2182830
3642103
3584344
3959926
3626829
3931146
3995168
4072458
4274780
4276498
5598346
4416202
5352191
5066072
5909618
5582025
6276209
5797081
5817599
6220269
6332248
6629780
6494191
6561089
6534516
6579729
7380127
7373948
7110003
7715176
7274674
7354216
7001951
36546
37218
35146
76242
38493
168741
191192
207866
38401
216413
255950
36649
355961
510636
505078
527502
532859
545656
555008
641632
630825
625283
667089
734216
672710
774094
775911
672449
760696
816624
794558
841190
853462
848757
852575
841388
892362
904520
191824
260757
286398
1088042
1058606
1074469
1084723
1162022
1368195
1149336
1357157
1447036
1203234
1505031
1578228
1642516
1650936
1699335
82219
131746
276774
367019
429338
397459
490393
529243
603606
636892
638345
738381
1637403
903985
913889
119815
517583
156432
380207
396532
594831
699350
804806
1036302
1046667
1081569
1073204
1076643
1110604
8102460
7869413
7121063
7049533
7044225
7151189
7254497
7278816
7280940
8129141
7431793
7774088
8653111
7878678
40106
99914
102344
102649
104779
155705
8710399
7989252
104060
141600
10628
12595
14955
15553
11653
16065
19392
19313
20613
14176
19448
14437
16572
17866
17554
18818
8080313
8940591
9038895
9318901
9653510
