1595627
416055
387840
1600828
1652073
1749651
399239
379287
385753
388735
384524
385321
379186
382481
380855
389974
3840302
3997055
146458
144938
1010621
1012173
1052369
1039628
2642360
683263
321074
170755
158797
163471
1222665
556581
714229
715221
2044583
1896723
1757687
1762027
1766189
138278
90262
83143
83030
84257
85264
83763
83408
95164
81738
81003
84716
80499
81162
87240
84015
87226
83997
84232
80773
80514
84796
81862
85722
287748
479540
244279
4374916
4422737
4607150
4507492
4455350
4579754
413735
380140
1267469
1220563
1767835
1902418
106362
122931
161516
190305
195177
134444
132580
72853
98924
96278
79036
100188
94096
96657
93728
100776
94912
99434
111780
77371
99802
83557
114053
104962
97012
104711
226057
94751
118908
95756
120297
314206
700141
557286
490866
89845
91326
93252
93894
138384
159555
148620
97353
105649
161426
117338
84608
101477
79481
107594
106319
109756
108279
107214
108320
112740
106219
1243929
1101334
1087509
1068647
1101845
114091
93565
98457
97582
94326
97184
89874
91748
29254
6428586
6620492
6662497
10745642
7145044
8889527
652813
6672540
6664355
112353
93183
91856
88812
87486
83381
88444
86638
88539
6582770
112512
113968
6628138
102855
124979
160660
116891
134834
102883
90601
90922
99264
94284
114157
91357
92353
91413
93101
90423
95379
96447
94165
92205
95454
102154
90774
91793
89795
89969
90359
92212
96314
89665
92600
93378
114049
110323
108007
107335
108592
610746
108194
115576
106651
2331355
2286055
1139506
1106172
1135105
1136081
2559121
110705
4819315
98990
2507492
2864329
3154772
3234542
389096
692031
683656
705857
751759
69906
72237
1944204
2076254
1348764
402870
1885048
1624107
2389258
2243855
1651501
1615782
385547
398293
396445
1651180
404853
403940
407029
472787
449893
399580
406820
402739
399072
407926
408270
399028
414860
408799
1664085
1718122
1722399
1657847
1672763
2144215
1905753
1715588
1661682
1707534
1971644
1651013
1711267
1636809
1656310
1652386
1671518
1717594
1651130
1632170
1730606
2229807
1672414
393468
402173
455140
447626
438588
451616
445928
449219
436849
440414
437245
450151
441524
431252
439344
387982
407726
405382
91590
146465
416963
980632
983322
6759572
1452507
1232824
1259211
1245003
1298834
90234
77728
70397
506828
485042
487580
479129
505733
478690
490985
487971
493731
503253
477876
481867
580619
490023
466694
484868
489066
1011766
1002323
601758
467637
1441956
1421722
1407845
1429185
1395748
1449227
1428549
1447947
1415941
1407427
1426072
1408414
1404153
1389744
1404667
1425272
1429853
1406466
1462577
989762
1074786
1046434
1024631
994246
1403378
1446928
1399630
1418454
1393101
1456903
1400169
1403781
1392894
1386970
1389617
1381199
85171
69911
73182
67419
173161
148710
154929
145187
144285
145287
144193
843550
76011
53568
55787
55305
52744
82431
57004
56452
54826
58670
52493
53907
52657
52574
52811
50812
55435
52791
91467
64206
71294
63015
55057
62689
7673020
8196107
2407509
387969
1593937
395310
1929704
379338
392000
1591129
379852
421331
394524
419256
396690
394755
1597846
384811
953699
1077179
74788
76517
996722
981303
989198
1020371
1004300
996783
991516
1023643
987585
1011943
1000319
990872
121889
111251
91626
128951
107740
109091
110312
105338
109052
111146
107471
117427
105642
108402
105962
108209
105594
105419
107425
109649
105740
112585
109996
106299
108782
103585
105104
107737
105030
109172
105760
102674
102782
112339
105717
104700
136583
105095
107026
108501
103422
102283
111845
105381
102567
110402
104565
105995
109666
105242
105520
103145
102971
105922
105051
105238
72400
1736179
1543380
1513687
1033052
1057691
1031579
1504213
1503550
1018691
5782656
7604490
2510669
695144
766232
746570
735766
114278
63091
60490
88267
61548
61268
62811
63360
1261687
80996
82552
81366
81105
85737
82511
81539
81000
86235
87076
88305
88410
94232
84434
92657
6627947
611004
607307
603225
596540
598227
493988
559303
1057818
576274
577118
143161
135308
103635
12226
11017
15439
15448
12936
14040
12556
15470
13273
12870
98640
104625
84949
325419
445173
5172161
430364
402081
418127
452057
456929
436204
440839
442772
426469
428546
426824
434387
444387
462952
457826
502424
450894
453633
448906
404300
461679
423079
427798
388273
420296
432744
426890
373544
394139
379018
375174
377263
380665
375358
375397
411317
378897
437365
427284
385068
382398
379801
381867
374709
379965
386462
379133
117615
396442
796719
266572
168113
388707
140252
144064
238417
178949
188972
159854
169023
172708
159268
159950
172095
179493
155819
172612
93962
95218
74580
93805
263864
90484
92540
137714
94312
87217
105031
107188
121448
96493
81856
99479
92303
83412
110163
85343
94966
89321
90671
396402
6729097
159897
911906
955309
900732
190439
6764719
7087842
2428525
1265874
1167367
281622
305414
896087
858617
889390
106309
93019
97951
93491
92451
99716
95435
94068
92265
93095
95405
95427
95222
96708
87080
85106
84823
84093
88770
83802
86579
112712
92997
95563
93248
7648326
7472428
11057630
968178
988670
985249
1000196
973588
988504
983658
965650
1003811
973523
938284
936059
929407
133836
113036
1834217
1746245
1660323
162258
6337030
6217369
439041
394352
390328
399396
384698
394861
389580
396402
398074
378807
384198
393394
399257
393865
409210
395609
383406
379000
390849
429092
388648
399739
385237
14740
15616
402561
394138
398797
399902
394881
403267
404203
402481
89822
98626
89895
94863
91298
92116
95602
91748
92184
98286
96119
93411
94117
90546
90627
91940
92548
88468
93244
88316
178214
199722
100671
87070
105917
93100
92076
89765
97221
88149
97908
293215
129161
119429
125739
123858
129039
128671
164780
134172
125729
140588
252875
161934
709485
1128877
47803
99567
90471
87702
54757
85671
55499
52053
92101
89823
88638
64658
90918
57626
96361
85714
92402
276158
77310
277057
257629
151185
102670
127179
108515
65032
68492
65081
88479
92033
30124
65464
63589
63906
62686
63137
66301
63504
63623
88743
97493
91203
1000225
1410492
1316961
490467
1027140
443548
168744
93663
116357
456082
1496115
124552
123473
103134
96791
1042157
1075080
1043230
232054
191997
696845
704677
695032
706200
120006
119881
115668
116515
1205718
448149
38206
18336
14054
14680
17819
16000
14408
14720
14658
14089
13424
13757
14361
15648
25659
22056
17909
40610
27313
15652
35693
16143
37984
17937
25936
6491655
5565660
4849116
4690282
4979809
1922190
9869514
2085429
5184148
9422559
3877662
5278092
4206752
170890
106234
149830
79356
8156783
1359464
191975
122570
2946796
2815158
2789686
1550409
1487670
1570395
1722604
24351
21356
22740
26249
23963
34418
59034
29914
21172
29470
29308
34250
24828
27830
30406
30680
43358
51513
1742486
220813
263466
113769
135780
137557
155717
99125
103720
92598
97183
92576
102754
165690
118373
120039
105514
117105
117100
99598
5484357
8342883
126321
126397
125511
129746
123368
127883
128422
124979
123474
7551188
1516055
1507097
1432280
1427983
142409
106425
1396225
117003
98061
95009
540086
353087
345401
354258
359987
361120
354475
355529
348355
347273
341894
348827
352763
355139
346585
358857
366709
342280
350266
345925
363625
351990
359342
388146
358406
354101
22916
25628
22398
23621
21708
33129
33787
23014
29653
26053
24416
22248
49428
27143
25127
28537
29023
35244
24939
124551
32174
28196
23767
25982
38142
31524
42299
23179
254482
192888
200696
201885
1164638
1719413
1568401
1548685
104355
94314
206749
182819
168525
174732
183152
155173
184151
171343
182257
206857
217134
234090
202924
280179
185702
190595
175942
278162
325238
703591
579859
389837
640712
1708835
1871725
3051037
2760695
1686593
1676968
1626115
1893111
1917822
2408338
3261631
2782111
6553217
5433606
1629943
1690698
1688634
1682547
1649961
1414697
1453598
1399583
1388975
1386156
229216
157182
162181
1147003
2311193
2070781
2052062
2126426
1942186
1861174
1616195
1552947
1711406
1692815
449043
2430818
1575914
470195
4363105
3859065
1622816
1858077
1847466
1968049
2879274
1951897
1677644
5884801
7812610
7279514
7404026
16864912
7543000
10221846
9590020
11029359
12110947
1587026
1739541
1593129
1644622
1503583
1658223
1597309
1623952
2826578
1776149
2347071
1985312
187369
203248
1846384
1804210
1787177
1759753
1824403
1701279
76279
141058
2483693
2496977
2497698
2514777
2471608
2472040
256945
620588
1223989
1223029
1224555
1192394
1204739
1207253
1218885
1253154
1216570
1195274
1208882
1216306
28058128
3311421
2978925
5623750
5517312
1428225
1504059
1428590
21832
52244
42985
47894
49303
47217
42805
49614
52758
52488
61122
46125
66215
64637
63499
75283
68441
58479
