1702674
1204851
1291692
1779317
1249039
1249809
1427659
1347502
1174325
1380868
1033158
3647782
1640148
1556558
1487897
1461858
1251218
2136789
1083847
1460000
1536295
1784991
1194188
2201974
1185553
1751608
1374079
1266237
1530194
1227121
1369430
1401391
1175173
2460136
2751832
1176409
2188923
2387738
1291491
2355581
1542343
1368202
1483563
1210820
1647562
2850574
1357286
1301506
1309277
2549956
1140101
1300786
1163697
1346953
2143926
1108267
2115443
1601927
1226914
1238532
1358796
1303262
1147971
1489564
1270369
1360863
2038096
1455290
1773184
1103003
1463870
1704869
1082950
1534731
1380942
1131548
1300730
2175488
1964324
1106510
1236908
1444164
1346199
1295285
1610467
1614907
1577946
1200270
1415078
4772415
1352257
1201066
1385718
1430971
1371605
1236138
1295357
1650723
1290857
1231122
1419092
1744389
1642036
1567176
1263952
2336560
1497909
1418274
1366525
1243609
1248817
1799037
1190390
2163780
1287409
1235029
2185437
1248571
1388334
1772418
1179778
1540957
1815584
1257524
2544648
2216340
1833869
1501558
1422775
1319470
1500175
1515916
1476870
1222145
1520358
1493382
1169855
1486541
1576310
1967706
1418918
1257606
1572497
1190244
1288489
1274979
1245649
1010678
1263112
2044967
1974184
1299884
1411742
1481014
1286869
1468849
1607215
1471260
1601841
2160845
1371548
1277805
1388096
2275115
1272483
1476107
1521144
1359665
1562332
2086752
1807117
1504373
1269883
1320726
1616171
1504625
1007505
1035433
1162660
1034356
1077475
1469298
1042488
1883286
1213010
1158158
1052993
1213557
1155273
1998741
1107587
1209803
1603592
1460380
2475030
1565300
2005848
1746237
1211820
1722940
2354759
1105049
1318419
1366681
1076811
1083335
1334988
1388519
1175544
1380036
1050109
1082518
1305240
945540
1328711
1273939
1365870
1441637
1583454
1577468
1590908
1129500
1161946
1348576
1699175
949838
1113059
2805853
1279962
2113203
1334844
1176270
1882702
1970703
1203177
2050305
1262271
1283833
2068034
1142018
1486642
1662277
1568368
2213413
1344325
1356157
1290958
2054512
1253811
1154934
1883752
1960483
1651755
1361255
1158931
1544100
1249048
1536031
1354273
1468035
1107914
1929262
1279787
1024188
1217782
1273847
1150473
1350898
1627587
1277953
1210831
1022387
1272750
1193405
1167963
1367143
1700641
1252911
1311874
1341386
1286662
1263107
1595819
1401056
2278110
1429579
1145980
1592534
1405987
2349668
2510920
1460769
2657748
1391611
1415162
1150448
1401426
1296381
1193057
955082
1302863
1308911
1342998
1173478
1130744
1036754
1189918
1680989
1103017
1409138
1713524
1483351
1773003
1241409
1584246
1632110
1545741
1302081
1417290
1769847
1195414
1075538
1149162
1360049
1454559
1324607
1336574
1437710
1298762
1976804
2005839
1509847
1254320
1284974
1111511
1236710
999569
1324363
1082837
1540428
1498287
1252227
998712
1034743
907401
1437322
971214
1047024
1265927
1573518
1109073
1363417
914285
1009796
915145
984841
1148822
1250011
1169499
2028517
919799
1522167
1159081
1184727
1320867
1063106
1771498
1341532
1136862
1427372
1247494
1881086
1847491
1061173
2035092
2547121
1666108
1210956
1192465
1339550
1228649
1331425
1165921
1029165
1173592
1076425
1397015
894815
986379
1134562
1304604
1271179
1055198
1416636
963675
969589
968240
1057870
1237280
1255347
1059679
1073121
1013699
1137260
1280043
999686
1132292
1082104
955790
1104272
1037621
933392
1103273
1409762
1337772
1812397
1363330
1189416
1145458
1153689
2253284
2143925
1715318
1110185
1067970
1383540
2970212
1603664
1272953
1279467
1190584
1339243
1082313
1702190
1073395
1194949
2459249
1449401
1591129
1036625
1468979
1223383
1402683
1183535
1048260
1097392
1054478
1139434
1038045
1470313
1459673
1281758
1081453
1114791
1004207
1083621
1424110
1263408
1130795
997109
1098875
1980055
1093941
1065027
1039796
1301462
1435974
1477869
6273177
1478719
1098639
1273631
1049683
1193176
1101148
1236789
1155044
1217479
1114955
1101400
982142
1108242
1072357
1506919
1273786
1624983
1093343
1286303
1271723
1077239
1984900
1198605
1284886
1274104
1490827
1083724
1283013
1287726
1418479
1226379
1107270
1195838
1041606
1540518
1381534
1345308
1287593
1323751
1191625
2602405
1060174
1508741
1243511
1113862
1332942
1195467
1185609
1576228
1377510
1169616
1396181
1088479
1487844
1350769
1234232
1734843
1421499
1092564
1261996
1305329
1282952
1184124
1223627
1140001
1894669
1343645
1407944
1217093
1494938
1516454
1555762
1996040
1542102
1380069
1325942
1846256
2348324
3375570
2019915
1549845
1258590
1497012
1285138
1256210
1234459
1450936
1220043
2420319
1493177
1400353
1157521
1424661
1425517
1025014
1190753
1758597
1194780
1351240
1286849
1374775
1050874
1261202
1024004
1098638
1439736
1185207
1125145
1298536
1002761
1097525
1145698
1246747
1064500
1549528
1129790
1285789
1358582
2228956
1421823
2176255
1086613
1220579
1100959
1369750
1211629
1380673
1851739
1213451
1252298
1131647
2539790
1268567
1495482
1207551
1387960
2337041
1227225
1292056
1208439
1144867
1069884
1049428
1028395
1358967
1166868
1077636
1156092
1098277
1210356
1204937
1368464
1110967
1144936
1294200
1077040
1098686
3907602
1499358
1584919
1189097
1076494
2014670
1664694
1284449
1615663
1108106
1251322
1283462
1942022
1182519
1450862
1223497
1218026
1094080
997659
1320227
1167549
1426806
1218980
1253394
1258634
1199569
1563784
1814671
1213580
2235967
1354467
2968663
1342783
1158009
1376941
3671802
1216310
1321697
2190889
1211698
1223683
1478182
1165415
1301797
1084501
1073034
1285705
1659421
1141999
1228002
1354469
1729065
1328324
1209644
1105427
2778378
1683642
1409315
1243347
1273480
1058316
1216197
1250005
1384963
1662935
1327821
6250976
1187502
1574847
1334240
1129404
1144587
1520806
1091149
1405678
1201709
1276777
1451638
1183861
1467794
1374883
1670383
1463649
1247359
1070780
1601173
1556213
1181274
1206073
1148535
1324953
1168250
1439145
1580537
1578324
1180993
2433792
1311155
1276072
1839679
1575211
1316581
1226241
1340388
1579567
1419191
1611695
1326765
1268872
1189282
1683135
1398227
1349718
1289950
1220527
1419830
1076624
1237028
1246479
3596078
1217218
1273429
1031664
1545431
1343425
1440614
2176459
1194870
2285643
1243754
1149266
2094388
1332850
1194412
1605235
1688772
1341101
1392300
1142806
1147931
1277758
1198702
1192127
1630876
1209850
1436123
1163797
1508484
1290941
1263587
1139122
1344397
1335499
1848740
1178563
1417117
1164721
1057189
1299636
1313446
1605696
1124204
1248254
1293758
1168244
1010991
1141532
2040186
1372917
1140278
1045575
1556669
1640367
1175666
1631490
1374272
1419612
1525446
1053992
1456932
1302799
1363008
1067031
1236866
1513942
1012637
1502773
1306243
1081972
1105010
1224823
1140329
1381900
1508927
1337708
1181177
1114601
6490756
1398927
1151700
1190794
1109032
1367355
1141189
1123742
1228332
1195552
1524649
1380958
1523238
1787436
1225337
1099160
1397919
1128603
1446019
1229323
1423932
1182902
2235332
1345746
1300447
1765332
1192843
1321419
1248559
1520863
1167016
1200176
1183727
1997577
1077392
2272615
1176066
1115932
1243358
1203549
1192320
1180907
1453846
1392833
1329773
1037376
1038613
1202762
1303413
1195987
7864711
1258424
1324907
1701616
1197998
1471848
1248271
1286723
1286743
1521774
1553304
1820295
1314791
1235505
1188729
1201772
986198
1830916
1204840
1266495
1571093
1101380
1271455
1049521
1206548
1773753
1364049
1144170
1042918
1399004
1282352
1213348
1594655
1881724
1150026
1362191
1326827
1143187
1595438
1559929
1342209
1263245
1151341
1106045
1288345
1063155
1661948
1206090
1111623
1123546
1486155
1136885
2106305
1697606
1345486
1019997
1199605
1130184
1105886
1077592
1194712
1134329
1809666
1109822
1479014
1686321
1036338
1153035
1109167
1107585
1161069
1251397
1907609
1068841
1248612
1913703
1046788
1200933
1199415
1064460
1222949
1231667
1659311
1349405
1390165
1239852
1757424
1165563
1046145
1192184
1352265
1318423
1224965
1143319
1250373
1497161
1349898
1209573
2835873
1585425
1076990
1173467
1262513
997544
1162078
1095780
1308832
1342910
1532759
1049624
1640386
1283669
1417482
2030116
1104040
1116284
1170981
1141635
1296744
1303073
1322033
1211108
1341979
1167889
1248945
1391718
1293289
1325826
1391346
2101647
1795174
1444897
1156503
1174751
1572760
1473389
6174450
1624517
2232865
1817614
1214295
1415269
1131736
1194978
1422343
1248936
1037610
1211584
1450447
1282238
1097818
1218273
1283577
1356368
1725610
1598218
1555725
1036134
1634967
1509325
1224173
2013790
1424723
1296026
1450591
1351913
2165017
1316995
1579506
1756407
2099722
1426605
2382514
1263952
1574984
1226893
1427728
1399371
1361515
1947916
1339136
1536091
1349707
1346200
1206542
1628990
1643321
1433928
1269092
1453089
2294983
1239891
1207839
1763816
1447178
1205487
1506942
1599589
2607744
2269224
2635334
1306765
3348151
1168805
1646991
1573965
1529687
1223132
1290274
1401353
1255888
1402574
7285023
1484312
1419612
1687653
1272033
1488805
1890905
1414715
1848218
1387489
1276196
3784647
1328845
2058534
2597639
3528838
1262380
1539878
2237285
1710324
1737886
6722061
2157552
1624703
2762598
1498629
1745639
15590744
2205841
1741928
1862844
2102580
1825495
1766847
3560522
2031731
1752798
2164540
1787654
1948951
1770326
2064709
1806883
1650890
3579048
3799345
1726132
2793677
1953642
1927613
3114403
1667782
1135407
1281635
1315001
1049570
1199386
1056196
1568802
1502505
1848106
4058065
1374063
1382959
1533915
1715189
3533550
1117196
1460543
1788168
1095238
1664700
1076540
1463292
1184873
1190825
1269547
1362510
1515562
1260640
1652243
1416976
1405060
1318523
1346840
1447669
1407868
1148786
1656208
1121893
1329956
1548252
1580365
1122876
1595933
1227153
1310064
3613707
1323079
1307092
1487128
1282719
1426315
1809038
1337227
1085177
1640549
1101587
1155631
1108466
2325372
1281275
1659798
1628744
1529334
1091722
1138109
1619227
1424920
1814021
1287648
1098554
1329466
1153388
1263670
1208046
1207910
1178891
1096605
2041567
1428983
1462626
1207814
2299791
1897599
1869339
1296372
1254832
2028386
1571141
1199937
1256419
2393099
1191091
1871520
1082823
1166353
1246036
1218915
1191627
1234201
1171716
1736183
1440779
1132974
1488331
1084005
1099389
1454783
2013167
1099152
1284350
1144551
1201424
974259
1139687
1065352
1444051
1329208
1144582
1000768
2588451
1208516
1126189
1645319
1310730
1365833
1088882
1299993
1274722
1365757
1474908
1031888
1065795
1598194
1247164
1031837
1202388
1090106
1943751
1527697
1215798
1653296
1245513
1147624
1240142
1311059
1144660
1094192
1890632
1461620
996987
1320336
1887350
2558213
1193785
1293235
1504385
1145346
1110267
1066122
1343506
2811475
1219309
1890332
1106626
4182134
1478964
1894003
1228490
1033760
1621943
1193261
1239801
1210577
1733203
1146630
1682022
1948975
1077822
1583075
2239961
2256270
1555381
1087353
1309391
1243225
1356166
1253911
1314349
1092074
1115596
1367659
1912223
1308517
1256101
1117358
1152267
1646551
1473341
2136555
1254268
2675270
1354593
1071707
1121093
5905300
1539796
1074630
1379319
2550416
11145885
1287001
1501748
1153336
1210570
1203035
2085112
1122845
1219750
1404424
2879410
1087007
1108206
1108042
1137755
1312182
1824463
2164349
1428630
1648496
1393293
1132260
2594150
1118572
1693634
1229980
1493005
1261185
1189586
1297290
1122587
1264654
1530755
1018480
1502265
1174031
1140510
1785779
1225157
1608500
1669169
1908092
1389248
1152669
1160813
1276448
2066410
1433788
1365012
1753121
1858194
1472706
1812725
1327590
1240092
1146086
1177308
1058454
1051735
1366686
2734342
1310467
1334042
1204661
1205622
1314705
1247822
1848064
1223178
1770365
1058003
1278704
1570851
1756466
1271468
1293604
1611895
1642519
1241783
1395682
1335753
1424690
1263874
1520682
1299558
1311837
1117993
1183965
1470709
1359397
1475154
1492497
1949813
1592338
2283642
1592101
2505214
1974773
1495065
1183271
1642032
1296734
1322517
1612218
1167263
1511000
1700148
1599193
1024861
1082807
1153340
1581302
1618052
1505856
1292634
1382606
1052007
1324795
1638535
1305331
2484681
1622523
1038425
1744911
1163629
1059478
1130743
1513940
1063884
1173273
1213238
1042871
2129355
1124835
1421154
1192166
1227713
1318063
1308013
1072336
1381846
1416500
1263135
1416833
1398960
1192190
1700959
1850690
994424
1069681
1386783
976451
1408627
1312029
1115289
1503792
1098784
1469542
1048652
1096453
1285144
1558989
2171426
1368423
1874880
1210177
977322
1169248
1550146
1107734
1523920
1012916
7051696
1231018
957775
917802
1124535
967959
966724
1186643
1095437
1207266
1207844
1017409
1239208
1024458
1024279
1243082
2445037
889960
1330438
980031
974226
944845
1053614
966746
1362226
955204
960756
933205
1027145
994477
1449897
1149760
961584
1240594
995584
1222830
1052199
920636
1371316
901450
1013076
1018831
1077589
891112
