1320774
1584715
1335914
2011849
1564065
1382008
1497911
1204171
1151639
1319619
1339728
1592305
1277534
1176809
501425
1262937
1097857
3581572
1306056
1046644
9467631
1679864
632972
837650
2235534
809203
3539174
2852908
1121104
1210719
3350455
1165613
1738072
1705235
1504997
1615340
1999030
1619928
846906
655631
1127377
1509536
1029547
1370890
1413398
1239426
1075270
1455296
572734
621506
1704334
1093952
1321112
1401976
1325785
1344397
1373022
1190516
1478146
472354
3344777
112312
128320
85635
123411
4305587
1138458
74887
156799
119065
77873
147808
117507
124408
117594
118166
153923
111577
81486
93586
124914
131545
94517
119317
124514
110473
108243
129295
1203601
106448
132830
118944
99583
104057
215842
1219193
1387975
1156802
1622685
4538371
971886
1098914
135694
106946
1105459
114740
82405
91789
103253
2236825
87989
77644
112779
2037556
1891471
5863961
194277
1669991
1683760
129673
172378
106699
1311439
680874
1663103
126160
1442832
4346455
224242
3479882
1607828
1717323
1059253
4108840
1399348
1261929
767512
101160
130363
131369
93833
1964252
1486600
1726802
1924097
1799228
1971872
964234
1024350
431058
986818
532978
549112
3186592
999008
110447
539233
519837
454853
491621
390117
380047
387088
383363
351107
440123
579073
404823
151967
86970
68762
53004
72349
69478
508538
465527
74895
67239
67460
2981422
839161
496717
370485
641315
424915
1974299
417510
5362873
1043552
2231630
413220
746025
73666
79849
85459
77670
59364
96269
51399
347453
59429
422908
458364
512281
1790251
1262055
1058152
1878965
1732643
531169
1222606
62824
146922
124569
123421
81321
121668
100147
103647
110429
81902
94788
103061
93501
86749
1461709
374010
1400793
664272
6350251
499673
2099884
452095
509121
849390
2022770
510762
1171192
13927941
1605484
3818563
478668
599142
699834
4298722
612834
1255483
536507
482780
471103
596873
613035
534697
514773
517175
416205
463013
1062180
754541
811914
1065207
5275578
1876652
1838184
2741262
1526482
280675
329191
426863
218095
330913
381205
252218
88233
78965
4938633
4872471
1697845
1445617
1444513
1440239
2236047
1335522
1269794
1387323
1384478
608600
4516298
3342551
703401
1345752
1362126
950816
925068
906155
1115387
372490
1034558
3057112
1000363
882883
1087065
1069013
984455
1003299
974297
1115234
2403008
1031345
874330
959695
3037271
1737965
2888121
3155302
3490534
3417863
1466922
3837501
389925
4361790
7673352
5899040
506959
749540
7058439
7353622
16980040
6574162
4776951
5287587
7673794
5983791
189150
8376681
6686999
6201760
8041590
7347246
7678171
4732077
6986304
8276196
6170008
4243954
8991863
9190243
4649154
5283117
5749605
8696710
12398024
14240019
10115144
9310953
6775903
8455622
9797315
8068688
2859315
7776409
2992750
2320619
2132438
4051991
10579602
398222
8423971
6987966
10185942
5813968
10446280
7535830
10425063
8821430
15617809
18444946
21000875
20554312
26355674
13148473
15952082
21290343
12417500
25593289
12249072
11793103
22008024
22269710
9701573
12027786
17897012
19980408
14100072
9864857
9683255
7545288
12582441
5731460
9343524
6095356
9674998
12702804
8301733
10525525
9198738
11582621
9726707
6637505
5580250
6455769
6614666
10190536
12181668
9135103
9237102
9008631
2254311
8108818
4108519
2308821
12995506
11349202
6312914
8919160
5477944
8494957
9085019
7461786
7042885
7609897
6209817
5830407
4749140
6213725
4524317
5456017
3511786
2820280
3021755
4158325
2886068
4093471
3309111
4136165
2255807
3959924
2929638
2979958
1720586
2864366
3190255
2348859
3263856
2786842
2606946
2586223
2460155
2381070
2475596
2164428
3295687
3486691
2816580
1824408
2174853
2171936
2002527
2474965
2003993
2214699
2302757
2373409
2669919
1991395
2651185
2436846
2558161
2322313
2096499
1857986
2046012
3089862
142847
2098035
2431850
2158395
1805346
237266
2278320
2706464
2206103
2792345
2105068
2612997
1884066
1738126
2122030
2036495
1898049
2303950
2113420
2611463
2611540
2813042
1988708
2037030
2430273
2730739
1823616
2095860
1973622
2237935
1961863
1944363
1958115
2474213
2267038
1947980
2890712
1778806
2540782
1759957
1304455
2301243
2123640
3965758
2386353
1650358
1476908
1788494
1729819
2861766
1824437
2098238
2385453
3183954
2411146
1713778
125200
160138
2586547
148770
311440
214435
203860
179372
145719
182248
200476
78305
587349
3173233
290760
275037
142018
3614499
389013
183508
522198
372235
3024606
323252
221527
279132
173515
182397
375750
1840857
322219
207647
2401511
2945760
1968655
1666853
3151889
1657961
1839851
164856
2579092
122738
1897923
573887
3403170
2135609
2043566
2229105
2654940
2249642
128808
1847725
1233843
2323698
168493
1799300
255872
295732
3211575
2238622
2471141
2493202
4213050
3515903
2891006
2242991
2226816
2158886
1548358
1016741
98068
2053120
1246037
2113572
2345115
2064370
2284429
1437317
2583513
3203415
152882
173473
245581
185597
386425
2305027
2352288
1599782
3134410
3113766
3304573
2882167
3044879
2771341
2002888
4005340
3523952
3254118
2579864
2825214
3367906
2359251
2881080
1735565
2555709
2636833
3348855
3120309
3580649
3467792
3802103
3113959
3039226
3256522
2627687
2472070
999689
2398286
2655816
2958674
4042003
350602
3806364
84469
2858208
2216939
3243922
4719302
4028332
2983034
3452298
3914614
5034132
4804514
2395290
3372109
3005440
2262435
2420612
2779724
2514164
1906280
2228977
1850749
3252031
3087074
1486775
2658706
756457
100105
504508
233389
383875
518553
272626
71496
96695
209232
205795
379080
152812
95231
230052
368446
104796
264612
147373
200845
201403
143055
102066
103192
366893
276576
356100
3125061
2885459
2248554
1953261
2945452
697469
120343
338566
2104438
2094451
2103531
2561355
2295403
2024939
1973785
2492650
1919242
2676712
1520025
2252090
656237
437211
320003
3281273
1289404
3301894
2408089
2618604
2440753
1925128
2680184
2133205
2096051
2088086
984273
2366377
1983907
2171929
2576502
3018211
2573102
889347
1142262
1859152
2397827
945698
2944020
1116087
1020727
1097057
162754
2975851
836673
77546
33501
17571
31779
52993
5441
28491
29694
264289
29669
4135162
5392829
41714
18803
3664389
2290084
3635069
9809
3352221
4318376
3787749
4929515
1559162
3172723
4308580
2827123
3107500
2850051
603276
264050
267237
147485
129487
175089
48371
147255
76930
45109
4665608
156931
25208
20313
3589929
2173537
2950233
3205901
1995468
3037321
3119708
2590574
2856193
3048614
2021512
1834911
1709820
1896958
1997962
2534779
2127225
22306
2085841
2152277
1937529
1915786
4212921
2665049
879587
2345988
2629456
2435504
413219
324222
5432901
1940682
402377
461991
1172694
977315
854278
835363
857556
2160271
3021550
3262841
55069
2388107
1916495
2151699
1963322
2184642
1865453
2197254
2007531
2281089
1938555
1680342
1956644
1583955
1839850
2071348
1559056
1586734
1640120
1492283
1554478
1835466
1340921
2672910
1567011
1453776
1248433
1368711
1552201
1436013
1541153
380091
982241
32463
24950
238271
1178922
627804
1184559
1265717
1416403
1274392
1187807
1066864
1039125
1997459
1211908
1013871
340079
486008
20079
492580
656575
577865
520450
576678
564202
388485
427129
2071553
1665943
1463188
1261978
148029
19669
3854701
5903326
1030100
36359
553705
1743066
1077020
1031874
2117466
2948004
2659653
1871631
2611201
181060
138197
48547
124537
81177
2195481
1445000
1684013
1751180
2116406
449085
1933335
393988
2658221
1956415
1422218
1073159
441261
442630
992845
1288147
465121
576395
1058019
530826
521882
887720
969811
1148960
656245
2133489
758579
598935
4989211
1213140
1311655
1289065
531504
1392498
617600
1361760
1408975
563608
518039
1167608
546496
1131368
542212
1452900
1318305
1360935
608473
1339137
591808
633408
1764487
501971
2188436
1091313
2333256
1394719
419726
1936321
3376838
1243782
1028847
1328724
2053524
1219604
1334129
550001
2429562
843176
1333896
1108132
783175
1120272
1501291
1452709
1557344
3692739
1114066
1330178
1223497
2024778
1093445
1078127
1051274
1889227
1272908
1337567
611033
1102065
1085454
962067
1262357
519876
1219367
1244712
1342531
1108822
1126907
1088874
1172375
567580
1492604
1300773
43806
27701
51640
35404
3652917
1040863
53379
4882476
1231471
46299
20799
1237572
1320067
1308881
1077331
23058
2200930
1003418
5199851
1288456
1374448
62536
4029968
1353058
40942
38645
3118501
1535059
3507047
739913
3720624
4139978
478952
4058722
4691221
3318094
3771798
1185037
170926
247486
3691399
3511358
1334752
1523202
2024695
1913629
1057054
1207134
356196
1772694
615738
105524
105803
133972
107624
1245039
81551
113522
1252562
357258
357092
309439
380612
283073
310396
1402944
1255315
1239079
1557783
1876089
1113798
981221
1388805
1052167
1231456
2366522
1104225
394208
514370
2644929
1088126
483841
2538095
3244878
444100
467245
981689
1339880
2521280
2701625
5536508
5996437
621541
6733514
3053482
15855704
7876647
13022617
1983140
543828
1431903
1179767
9830180
10801567
11673908
10196549
7662154
5473168
10908341
8775981
8321207
188564
62452
254833
36546
157907
470101
72814
172202
1792330
136459
1467015
1902233
8370645
2812984
13764545
191404
424997
303498
54500
1050920
468458
542103
766140
918292
494692
7338751
58105
69683
537751
593352
82791
393635
55615
721862
472950
381636
6067181
4121663
3574485
3389602
3724033
3760658
3167433
2480727
46410
65580
71137
37035
67036
65049
168430
58701
148719
220572
50309
45146
215467
4342026
4452022
5120544
3134229
5436010
1822975
339265
889996
4790476
3026353
1966762
7127555
2248474
508401
241754
165791
827153
732287
399846
167433
232079
233728
5650744
4208490
5076606
1492363
5682445
4109499
4128008
3705773
2619223
4527401
1037545
3934776
3702870
2238553
586954
2278864
334127
2890846
1768026
3389509
2167131
2945952
1912424
1814570
746446
703945
2364393
620001
729318
1426887
1119702
3538043
1590231
1669115
741408
1309925
418193
234614
226406
235330
223414
228402
138314
170152
108008
234492
1455933
4423590
136895
230522
260342
302080
138193
943554
302711
249292
439951
288923
356151
424603
268354
326049
243185
254490
190396
169638
227481
156671
3076071
2642951
2018229
2213827
625063
3667132
2055815
2148025
3624151
2275601
2142948
2897764
2801170
3910025
545836
25750
898678
27100
489564
3209897
4231234
1101642
1146264
1160793
32297
1332397
1170543
1184279
56114
1146078
3136761
1217055
1250159
3687181
1125724
1157271
2465468
1892122
1096078
1123320
1178567
1110824
1167131
1102657
1325429
1291246
1212307
1105945
2091458
1113073
976292
1009242
1227231
868013
36994
34231
41458
33408
29404
29068
31292
34770
33232
48454
36083
45707
38740
38767
32980
38488
37207
26523
295437
21691
205396
181995
226910
34899
37295
39334
67504
28711
27955
38387
47960
51944
9962
156928
39963
35528
27710
29816
42186
36361
24219
27705
25149
46842
70682
24614
1338534
36174
47826
29892
25664
31079
33549
37034
31595
27255
239819
86015
88492
108972
83864
82178
63870
116067
82430
1060380
1313814
152463
58209
56683
66186
77149
58199
1295395
1387346
45205
1035011
1030621
1094705
1153590
7792
1266136
683806
565329
23042
1215277
1198904
485656
1566932
1291577
1362635
1373966
2027001
1294764
23380
1075683
1077146
963991
24254
21934
39315
24231
24109
21735
37375
21375
1163143
1420592
1307416
1087693
1172703
1022138
834630
139658
1114970
71617
1095262
69612
1106873
1088810
1320098
1175616
1129706
1272854
1071957
1147185
940849
919111
1232186
951677
1150476
1155754
972417
985435
1003581
1128304
1004942
1002372
1100381
1019861
1048064
1048547
915452
1017947
989561
984652
961264
936819
864058
993329
1193077
215805
274093
219544
261971
210579
213159
265411
207343
995061
272960
244508
222460
216423
267905
283897
254599
292460
290568
222139
294593
210489
340571
214644
197628
271645
279843
192670
229579
276648
1145182
891090
1032913
990464
928803
903947
939079
370670
1128396
1164669
909915
1036633
983147
943644
1336020
1023159
1065968
845015
1396916
1393361
1159512
892465
994713
965393
839461
822767
929507
948983
1030807
661334
91679
1075770
984036
741294
1002640
971075
857398
983912
1055079
1058141
911174
995198
928268
53432
888367
30969
1107516
39117
995087
1083623
944017
805426
1356057
3677030
1342542
3484434
1684962
2860953
3980036
3080738
1129394
1056267
1075000
1247497
1008747
1100973
1721353
1417614
1006304
979520
1140148
995799
1054205
949418
998913
971975
920194
909846
837079
1028519
912315
972722
901825
1058934
884519
925957
24781
1664337
1141796
1052442
1745959
2516413
2194621
1007070
1439010
32729
1377049
1323536
988488
957727
1474771
900198
1077089
895466
932744
1542010
2036223
1979886
1203883
989868
1047324
1080605
1172114
938295
1010166
1033726
990129
926818
987653
1073889
1061273
1088932
1168302
964087
1008903
834935
1053434
198653
2580917
1328820
1076997
1184383
1162130
1026305
949029
69348
421241
1794189
3068599
1061362
970782
921103
2723507
1001086
185650
54365
1039905
1134899
1065485
1769743
188345
28151
1284011
29984
1369365
92618
34278
1393872
32230
1124167
1196131
1142608
1427351
1220808
1199014
888258
421951
226904
319016
450768
266703
265728
379618
235853
384946
365200
263703
298673
341134
321919
346661
348716
291428
267594
327325
348887
316660
1262651
349652
331072
321596
1597045
4721106
451446
436877
1345246
375128
331070
416771
4272378
373322
599615
343254
3230245
1108802
1188645
4559333
3473028
1522256
743049
3426605
1848933
668502
2087209
1343501
1331415
1322367
1378066
1399799
2540282
1698539
1712418
2021861
2146783
2261654
4540344
3197072
839970
1016401
2559298
1111404
1304429
1177440
1116604
1367185
1091132
1374960
1780709
1621396
1310368
1334008
1307194
2361450
1536197
1443021
1253771
1823337
1936838
2372749
1734176
1689449
2413805
681240
157703
94027
158594
1353901
1320559
1951753
1267564
1454217
3939224
690747
870601
3935445
405562
2363581
1101890
1484239
1154403
1907587
1224991
482334
1745051
618774
765642
580757
554720
20277
26945
14317
1875865
1205535
1332512
67130
74312
79989
89418
75504
87806
937036
2039090
1672048
595454
2378221
985295
1024344
1049055
940367
954515
1065613
1031247
1122340
956648
2816899
492974
576013
3417094
909855
966090
2980063
222274
76334
55205
1070236
991373
966840
693168
951267
609558
987701
1026669
2822656
88495
3707701
782124
854313
2243299
1434037
1427934
298634
69156
60458
1547169
1041468
1154859
1172002
866450
1572434
1516010
1479129
1480940
1764920
1560046
1896521
967867
1159810
1088260
1502961
1659937
2202832
2101180
1564611
1336853
1041337
1213257
1099336
1020905
946234
951904
1275999
967404
960726
988761
1075067
927483
927711
1919296
2554627
472270
2146609
500712
2683863
2117135
1208030
329022
646138
3929582
456857
1384045
27837
3247490
1283100
1032658
1106188
1096645
1068290
991589
1118030
1152080
2328723
505100
478006
70263
67744
69453
61836
69259
1092415
130032
1226582
97895
64917
71205
71054
55928
1272148
320178
66728
66606
76931
65074
56600
77554
49973
71594
61934
63959
49923
62840
64614471
3107089
134669
63756
99996
58742
96134
52468
47627
43295
2669900
999894
1013851
1139707
403434
454560
1169876
1070319
966897
1018987
72243
59425
67613
1097615
993959
969804
1045737
2484788
1664817
963438
1016672
491395
3611614
1197018
590286
1135852
75136
3707054
1171682
1063100
1223559
1292764
2172462
470175
1268969
141918
49125
1183259
1482843
1617076
2252571
1745830
1198705
33766
24566
2312111
27032
608905
7397757
1010441
1515626
72674
70835
41855
59095
47872
58742
67050
52389
77554
2298164
53263
143517
55063
66354
68146
86347
40312
85535
80904
57473
88944
64819
47133
60917
54252
75628
74981
58407
64942
74131
65397
40065
52520
59174
57118
43394
57248
40721
54577
63852
41095
37230
60137
108719
37515
44429
52455
86762
55776
40212
49057
2898498
3149140
1056796
1049221
1089597
1200440
1192194
48715
3640056
1377622
3474930
139993
42061
59086
43771
43439
83488
72908
38781
41212
40080
116882
86899
3247780
1263527
395011
464654
427836
388334
1201629
523233
400866
397920
2621357
347767
324024
2793370
3431732
1066041
2136988
669428
3099775
323613
222372
435552
150022
3161014
360491
5070413
4514237
2667011
5968045
4252639
1208284
3794214
2947664
3427321
1359209
4994040
564825
1328651
1843239
4708356
2637750
2167737
1522163
4573772
2203619
719766
2281421
850464
819376
858417
868001
794565
1791210
1129862
1120595
1693368
1845066
1482097
2351464
1528443
1480784
1214216
552970
1356802
154262
29040
23196
27692
27332
944537
84763
70000
1537868
1152037
841850
877135
939300
3455599
2760956
1749749
1843345
1644113
104055
3020877
2393250
2582674
2285044
1869925
2118942
1915646
2104701
1675006
1362502
1364212
1826222
2797132
1679449
1097809
1941033
1835537
865660
666366
986603
78066
1831379
875525
1246594
40917
13524
24030
17962
16716
2172037
2127457
859505
942734
104931
356913
109074
2042446
170482
58624
2396280
1219201
1191590
1319444
2363289
1208279
1087655
572034
2072208
1267341
2648299
1278749
1054410
899711
1505781
2003558
2018057
2161274
2253826
1317407
899781
1421423
1384020
1466035
1394825
465433
1136922
606047
1206243
1188356
2788853
1737001
2411837
3432221
2199764
2623051
1983352
1121426
911618
961851
874952
887047
913473
899198
907089
2460208
847347
1027290
1295951
1293940
1672104
448987
422292
1653760
1398328
1278439
739705
2415974
569713
539156
1844610
1553915
1735192
1130603
864469
554404
440275
420333
480397
9909064
7397428
717411
690151
5577629
475788
253723
997550
679489
657083
709991
379946
792355
664806
659798
671451
581370
237221
59126
596951
299524
595643
602331
592435
275804
267390
246638
277825
59760
46609
676490
137223
139710
139441
134085
136498
170463
133754
136397
138622
152126
138146
135351
145446
152231
135057
137425
137117
134811
137322
138079
139312
141450
135650
136942
144880
136020
139035
142805
139631
136153
141401
149632
135269
141396
137013
139906
161562
136461
139031
136380
144258
140598
138228
148437
138848
153051
159341
138008
140046
136934
251743
251382
655956
767833
266112
254243
770868
661421
754019
661294
686531
671057
409759
407398
401633
746615
637525
637766
648448
788950
294882
604513
109691
76654
84142
81589
650007
671088
669413
874816
694805
735763
339642
673401
264840
283392
324846
257882
262755
273123
276161
741013
683413
681458
618226
689260
658250
608521
620692
691636
635040
652793
667919
671160
672566
961174
852580
887577
875731
56424
881618
255810
861682
863043
821307
832522
805450
632962
624910
103782
749138
88380
86775
775696
85835
86273
716782
831136
732062
120079
108645
111157
104715
116473
109197
111397
128381
114853
105555
107031
113993
55813
76358
54632
55122
71901
54615
55006
65871
751339
686821
670184
54075
116855
746424
726898
706788
927239
753441
975460
93184
84619
98710
89261
883911
972338
864901
850437
767209
943188
683337
672936
720039
619989
639136
383457
329120
323688
324513
316157
342816
318861
338058
697075
693124
226636
215928
216843
1001214
959218
627297
738701
1690246
28767
17682
17486
17499
16779
18542
22747
2991010
9461544
828909
743289
779437
786907
114555
111452
109397
130131
112844
110513
107860
106861
107038
112718
110189
105586
123011
140683
105996
111219
106488
106995
110637
106963
113613
106880
109568
108821
108524
114858
742855
670851
626755
1026951
1196624
1159455
1208854
484369
454710
503517
1076911
781130
1202895
852610
869489
858461
823346
851295
841356
829699
1631980
647951
1071192
637690
654229
668382
18534
12684
12491
12571
613405
590386
643676
378922
370548
990009
736265
371546
825705
795758
773310
790244
630552
405214
401571
438311
410497
408390
402318
724414
484314
641549
14115
62746
396116
335829
1014258
346088
899271
665212
724611
69681
47230
663214
638808
813522
598878
660925
648150
689690
42780
730733
41358
1033218
623912
595926
598555
585663
663749
635780
435182
437080
218349
870919
700253
632006
630266
617372
600946
603750
613434
620103
578076
604401
620479
695619
700760
691751
816773
729300
155540
147939
157628
146885
142608
138459
147456
148806
154854
145219
149476
744750
722075
289632
305309
325642
858880
763822
774813
758249
814698
704357
361427
790366
764505
782040
619656
813551
687963
677018
254656
656267
633784
31230
26388
22595
22083
22295
771291
649328
244504
601970
248895
238200
607582
623200
621563
625569
591039
675612
218424
248108
231934
213855
214473
230840
225189
224543
218948
225569
232899
714077
214301
222375
640891
21014
23037
830325
22701
23095
23771
22570
747472
212255
211936
222052
22612
679050
217784
212046
684235
218329
910719
711150
377759
749992
271029
226223
217469
757536
826912
643803
309912
691612
267326
261511
251347
672509
669210
673847
686356
663606
657363
664861
666898
653950
634015
633951
14449
644593
245403
742141
649439
642966
650629
631840
248496
657023
635966
630058
623579
621145
224979
286468
654844
626927
719391
242557
293271
252437
68333
126271
87592
89581
88825
88569
87800
87275
86234
19210
630430
653646
626697
247346
229399
253454
666635
689046
819601
687620
223942
688765
52539
52833
578612
226741
728416
591348
215499
301219
214564
217041
213632
216861
220699
218692
207936
219449
207138
217807
213492
213655
206468
216121
210841
215628
632398
647844
587881
222491
216245
209438
212655
205741
203399
208377
655882
547988
222118
632186
552984
593272
566154
529970
580573
595801
218546
571143
580347
553085
554219
681575
640325
632113
641563
625563
522415
598838
654732
61218
582680
222488
753008
59597
792656
793434
770731
263186
650567
146987
693306
615043
73808
84910
80320
78531
77270
79094
76691
80744
78273
81539
84696
76256
78768
79154
76550
78565
81176
798863
808091
795412
701556
1330944
719925
645477
609177
647867
1536192
714472
44301
752211
253605
646993
244674
238815
241219
236955
575365
611367
233510
236307
207448
252997
678408
630190
632678
252232
695964
595911
653098
790892
705386
590691
626154
650465
245104
316704
582472
604065
249001
238960
230248
233374
566139
233727
263852
230590
246049
223064
661363
561148
536606
530469
683308
531328
514943
535487
657216
582243
722676
759704
735229
769405
1717967
1610375
745932
1288615
1590084
3696214
730026
1505324
6041454
1028799
3444321
4993043
7762629
5965917
4660282
681964
2282345
671823
632584
890261
816998
606533
617485
605376
614476
684895
72869
65982
661469
665288
647545
657730
649021
646167
651944
621087
649501
589009
696088
718927
676234
662496
705477
841867
605566
18686
19989
18402
17003
551300
533986
17718
566720
401706
644943
706029
230439
746017
588722
592014
240110
851958
413954
891033
622211
250109
788623
18099
736998
715713
672051
679115
630857
734583
665111
611086
605486
678114
665083
39523
798167
326479
1398938
925262
1312235
546866
1351308
1549756
787849
323536
746564
679182
1033181
48720
1021922
826012
407834
355609
828622
366856
809244
668118
300215
663785
895708
624308
670697
664193
659218
818265
274877
705298
334351
660036
685516
687962
114218
51450
16500
16020
14669
647582
630204
632652
1037177
550435
661335
757522
581847
657979
635056
566982
631403
611850
565032
618929
27888
22985
26938
23839
25410
22518
22642
22779
23143
23471
593096
23316
22883
23542
27270
35099
22591
22123
22836
23018
22982
22839
25926
235536
587107
565139
617079
600340
608897
611994
648091
592968
598242
512067
473158
324494
276337
266223
301538
285792
320631
290071
275530
284107
289823
322977
284267
453996
238770
238882
242687
81473
1231220
907436
3457881
1889525
1863499
2709072
21910086
2269375
1350324
1707639
1494844
1778129
1624314
1457778
1332474
38021
43285
70467
70770
57484
72193
38371
78903
21807
251252
59203
46609
58893
49956
1079178
1045375
662065
666176
689821
2017305
672607
759805
656396
658642
642963
663331
659436
644093
652620
25423
19769
353806
586813
660027
628423
623777
776139
858111
123677
56900
53494
682552
685870
142577
132267
136038
131997
263101
651576
640122
632912
639097
611609
72540
49274
600218
39287
40241
599930
37572
596962
588197
591981
587797
581909
566626
578075
581970
568946
587260
607831
637244
637708
649651
612006
611513
562881
603954
578809
609676
614748
66159
367303
365934
370015
664855
64291
65590
643723
555703
611048
584494
567167
598597
543350
538215
535841
591557
545900
535078
541711
533595
522385
564861
533025
522025
520286
540386
549104
535325
515187
603323
554761
607906
514055
522901
616685
548412
575355
527323
619000
592564
694227
730037
902933
784204
781181
652518
679399
665399
14693
14445
15094
14249
14290
267864
250213
281903
240135
241919
946801
681156
770593
673877
634087
692890
630531
659018
662187
663670
651609
672562
645937
716290
657011
651439
226158
652546
242411
299307
667500
666568
703300
237955
262280
720402
615524
367013
342297
876348
672897
647584
20207
18624
19903
18689
20825
19951
22533
828826
33651
18903
19516
17981
759132
758406
715475
684326
786009
700093
296851
278869
240380
302728
588528
569130
396011
243924
669409
629589
756514
762304
697934
676442
658140
32576
25142
25567
26518
25622
29113
24940
25473
25395
25420
461501
490343
459163
222388
230760
250509
228822
250057
234010
1079324
994732
311323
227940
238724
1185325
518472
531783
434972
367457
1126509
496456
1106356
1289425
1124084
1056606
567337
295298
320362
3283805
322354
266694
250850
306460
519502
793981
616824
665122
57832
44246
45080
45541
43908
49389
44596
48471
43019
43885
46774
45032
47638
43782
44313
699435
277188
760436
663251
2771568
1598448
983774
924735
862465
40324
649118
663123
644897
603812
801370
568558
647023
233793
264485
615349
767581
745684
584237
591571
657946
590391
619854
793925
281824
1285504
514312
377374
1341298
218352
691627
673139
618936
618215
614033
643036
635834
633375
634166
664673
622201
662065
564462
559826
626116
283412
238854
234433
261122
651959
464235
478672
418867
415076
483883
477160
422708
432513
424115
650865
260346
261051
250435
225197
620226
222583
718342
648856
618784
768810
623774
241574
679663
739815
670249
824888
1060443
1015845
905659
324646
858502
953421
741663
775960
742723
298604
777284
655948
185759
153378
729186
670036
629346
776319
651134
646038
661111
698145
653111
245272
691827
620855
643282
638006
628300
630287
691765
719513
259027
230857
699555
682060
774898
701049
606297
708677
658285
672578
623997
660339
29989
26591
24978
25792
28657
25411
25320
28487
616090
740242
630341
56306
53144
693537
640874
643874
574824
558729
586713
258179
592640
609804
691214
651900
536264
694559
557519
568036
650339
594525
596760
581334
567224
587654
493394
625614
641001
667349
57874
55682
57004
54775
55451
55086
67222
76167
69591
69168
629485
665765
73177
643073
70590
67398
66491
66943
70104
652481
623846
260008
740125
253724
267536
248565
68695
659553
69212
257522
651382
68232
742272
71114
630778
66301
70967
66090
977332
901362
951426
1056377
931689
892850
3180117
940331
892826
957423
687577
55118
788986
55615
69080
73859
80261
733608
799526
68417
67589
72798
706566
662920
68358
687431
589595
596059
628378
77012
62576
60254
60833
64499
61149
60663
66424
85090
62722
66821
61759
64149
64331
61188
62229
61137
63706
60167
60921
60495
61475
64991
60537
61756
69318
61531
63007
62902
61176
61740
62941
61389
679346
621863
602877
595568
596846
555698
626283
600840
590596
582960
246676
240687
256074
237085
278043
308720
241569
236482
312866
230694
628923
238389
13150
12259
11658
12603
18639
12346
24499
22996
12753
14547
15584
22352
19415
28627
26897
13070
247206
11452
237818
14110
230006
235404
12317
11563
290661
11799
13834
12081
12475
12411
13583
12121
12240
13583
11699
10928
11801
701260
308049
474352
528366
506486
1649701
50899
22683
35687
21741
38290
23295
1430061
818325
1429891
722185
505330
30626
30770
22314
22891
29513
73468
30822
36910
43627
29566
1217019
25082
1112072
1109109
76004
61718
40848
41551
47207
66412
39733
23181
31479
35812
28939
28188
25282
30084
30461
36651
22988
61910
607891
576230
236551
212160
210141
216182
279263
235049
234173
271630
241456
817596
771811
315576
781993
783776
329498
320266
325367
19436
950157
75599
73697
334446
32879
21474
22199
20910
60190
59081
21095
60709
60922
1139833
1119498
375743
89970
171920
387427
1176026
3192247
793159
629982
705058
745616
741658
775104
149578
140028
143792
142782
267072
313741
988144
1225121
262916
41108
38688
2004612
1909987
1331501
214537
2023556
262442
254212
251211
292880
216236
223747
239289
248649
181737
219106
288196
1574180
154993
420128
394020
1444720
608388
54259
42529
44454
962593
827417
1002056
539003
1060977
844730
1034507
771868
467916
776349
650190
675643
770846
714182
719105
282880
319589
284786
342102
310187
269525
286170
285716
270519
317402
796020
771350
241735
851009
695457
755793
403531
699473
684814
918737
307916
300939
264921
272938
762214
668993
848118
725272
679368
728673
755998
710136
299075
271925
779405
812860
756317
724979
695864
729345
787321
729915
820211
752563
771503
751835
666502
953377
329436
324101
819402
723228
753162
777857
638577
641512
663811
13804
12183
13343
588549
543324
233773
652044
227033
214204
598670
735981
276437
253364
253784
372381
730916
621387
772750
638876
260324
281258
252131
280126
389438
389170
361695
777192
742474
803918
764031
670669
254278
253918
663031
609125
680125
643210
400204
235873
629525
822243
668278
619930
706316
636772
614740
1893896
915511
350216
881397
789478
840119
365134
372670
366446
372261
962073
378517
911582
800720
813430
819092
347306
826398
829246
820711
334918
853563
777211
38613
43231
36757
56803
38198
861724
905128
815690
809865
843890
850538
47392
833980
863367
340047
849398
793646
806271
821738
829387
218955
816620
54890
57032
52870
207359
119407
116027
113584
848557
826830
777489
826977
827680
836457
833960
326720
767315
797152
750707
749053
355994
228712
235620
641719
235718
546692
683167
818744
993502
678030
273895
341763
720480
664186
587259
616742
621994
832545
823228
216385
217543
845766
868951
921599
804806
842454
634199
252825
875079
709062
666392
643248
626579
1398226
1258951
1783503
1357981
610325
1325717
1157649
763602
793427
747548
1230986
569028
480073
818459
19374408
74798
67400
69567
70006
86902
85160
85955
87752
83860
91594
85961
962590
66345
69111
70545
67846
70697
820130
68147
871096
860218
1023885
878354
5376326
68012
67224
215011
219212
776663
88654
86019
946814
810379
76700
72603
69121
74710
72023
92669
74090
72936
71556
70478
71675
73051
71837
87418
234809
211841
238415
356434
968373
428425
426985
71061
103740
66076
65850
87548
21179
781715
868082
699802
681165
905423
732598
633145
629201
614566
619450
82137
67188
90491
20755
69667
66040
65575
66224
92445
88691
89248
86687
89250
90063
593225
304351
682836
283967
260392
1103135
928079
1000831
1033872
1073869
810646
775358
775487
751204
830667
794520
769856
913214
169938
168639
166959
175592
169927
172314
1003768
96129
89368
274954
887807
129364
92568
76899
81793
96555
93724
80656
81728
941851
901859
788438
825916
861777
850452
799521
837997
852729
811775
812668
874524
786002
372501
829546
750460
765070
17811
692482
699696
634388
682448
669360
694697
245357
264225
267686
248487
285871
244132
248802
277431
256116
256323
254466
658750
589114
666503
718320
372755
324621
323999
332240
327217
631292
317983
320776
321324
320831
321701
328057
642420
316840
321059
355954
328407
323597
322858
318785
323988
325104
357764
321082
322828
320872
323307
356060
333090
323021
336225
320695
315850
331933
318923
316061
318027
357268
315545
315115
321498
316441
320565
348542
655906
14314
993634
1044569
22991
18465
18609
680755
17972
17453
664147
670046
17357
16845
750388
610030
683792
725673
654839
643579
635154
609641
615146
703626
661633
618723
583635
838109
939946
636348
633018
581500
574172
507772
883377
752330
628194
653022
588531
579718
619383
241221
237661
49318
21523
20525
284204
20952
20727
20393
23840
20432
20422
23611
30116
238953
20202
676014
239760
21663
257705
572292
52659
39625
31499
265293
743125
613998
282305
264412
273894
17233
641525
679748
607948
659594
586607
15071
610008
589657
593529
607842
612504
575883
661739
610729
14856
596766
618333
569719
564562
584014
533805
587300
542400
33257
641486
537427
546243
14418
14147
533241
86786
40800
41224
39628
40350
45093
40410
41766
791951
646424
772496
74613
40264
789409
107108
688025
678378
645211
254700
279128
654014
653074
577928
591962
63505
58130
583001
713602
781658
262666
680952
760801
671544
625282
640079
656239
643519
678512
51699
896091
750780
658205
670671
695831
627803
761979
60701
121680
724038
678282
126306
665725
125739
124862
451700
528227
937589
827932
869800
1455787
1432046
1250800
480376
1748017
424984
18531752
49977
42922
1004108
373112
856125
803955
615516
971244
1134021
844196
843951
844624
874645
839109
826466
836396
77348
60599
812203
804901
895760
890626
327307
312199
324329
836114
753856
773607
796800
41118
1302800
1266980
1199427
875823
951264
46293
697045
679069
565787
1453221
813029
695049
662288
724679
579728
589020
549084
227322
49194
41843
42412
627513
679101
579629
709377
585987
216344
97172
642809
570047
554813
564707
531501
571547
580835
586484
853015
773653
864376
326201
799714
758328
774499
764450
834846
310501
875754
966583
830629
812027
787195
668141
613821
645077
848158
788542
300203
785626
841716
759586
619352
634684
670704
655818
578671
214683
620752
714920
643615
319488
324709
919025
887235
360173
438393
336915
907794
336995
315333
902561
326078
761196
461427
767919
293798
712048
746080
666676
620002
686308
657242
688364
664662
653249
655258
658568
656308
645252
236864
279995
613749
614799
238837
601844
569752
609498
683864
614398
784223
47240
45198
42593
43333
43245
44962
43422
46140
44832
42987
729873
629276
45658
946402
836719
883423
49082
44282
819054
357661
343286
353188
340557
377396
837984
804970
831555
837630
878451
789937
70556
883703
831407
67724
787366
682633
676330
686413
669639
607719
23291
20735
641134
54271
72346
66783
15915
70600
67580
15281
821626
604022
890822
790525
341240
45123
35419
34970
34244
35227
33805
812992
68665
67414
60291
68010
59679
351211
64947
59975
69767
351788
343678
65273
715182
248617
22298
21045
21270
22577
21204
20702
21707
21304
21555
21124
241307
673238
568159
635570
662946
708121
595776
562858
650402
693300
759849
1352306
1573805
1142268
452164
887125
1097887
889802
884016
1236718
1018911
918842
998606
957082
932625
894397
831983
774062
763804
184075
89104
837785
891995
761146
757840
1033714
809850
790077
778754
766556
754057
784559
750234
791659
736469
782710
749444
625022
589961
593633
684892
567483
579505
562335
573353
573296
424789
688016
348872
723784
336043
219541
1140498
231664
1053717
723952
1280207
1109067
335320
1024815
1993129
2209842
833447
1550728
921174
1380400
1037970
1147899
1101670
370181
229888
230671
996941
246356
225475
919839
860452
333851
889943
844669
769764
817019
819784
697296
658473
665189
642789
653818
609215
766466
1035331
937172
643114
652829
651563
654713
631657
639996
573460
660953
632754
632849
634695
644439
649481
708065
662676
648295
580450
605178
647008
638503
621251
615802
594124
567456
593298
793191
749098
770902
672197
700625
661827
604601
676872
668760
650850
653601
673688
634273
904534
1163387
1017763
397213
794723
690775
755733
1160660
609704
632167
661954
674146
669138
644923
656223
639757
599287
641817
646471
638247
638921
630454
647829
621626
869474
671735
647478
604368
602704
601286
806995
656270
673035
634691
712662
634961
368129
20660
829213
26518
423508
652069
669692
662470
661301
263648
641672
106714
89531
100526
99759
208306
103509
134896
102849
44072
29966
42807
74358
32203
60109
1028410
28851
239688
281240
213427
264007
236216
1557378
684835
123077
1940078
1707672
1878552
177602
205882
196942
185919
192756
1932224
1676496
102689
120436
1648923
1795048
360384
198035
111474
209326
180302
1521430
2082925
79989
588283
100289
141524
671406
102451
67915
119480
587503
2636107
1829493
1953911
2655461
119837
2253731
4159546
309796
1833094
1566471
654892
715024
1792882
1695985
1508378
1815486
2042707
1834841
1674286
2461297
3346000
4075080
3750405
2680097
1799980
3256955
3127692
2879161
4292339
2566830
3489959
4684902
2716503
2596942
2649065
48548
24343
19441
17047
27337
16704
32398
61548
41312
32986
36388
23740
24682
34642
16052
19151
17374
45414
76949
20198
38063
28149
24447
26884
48198
23916
1583994
1712575
1673714
1579627
1409440
77607
50160
26188
27220
39363
32608
48503
28569
1729850
1787611
1606242
1590546
2045930
1510038
1554072
1711542
1867342
1523734
1804167
1475024
1204172
1366593
1330757
438429
37993
14154
543250
13709
1420793
662422
12248
1503983
1447402
11949
12749
1324511
13145
15961
1517300
24736
1319515
48407
1545698
1307347
1499955
1328742
51928
28149
1417820
11730
1338761
1247518
1436390
653890
1222759
41859
1352607
4851
6666
1185437
60879
60685
3072028
5932
6008
1047237
5576
1134804
1096382
173745
15955
913632
18439
1019430
1031030
1056219
943443
1054142
1141973
1123896
1118192
1055174
1154539
1349259
1009839
366963
738815
629601
612496
619651
620257
612431
612477
693889
674614
664283
682199
670626
669937
703341
642387
648824
642377
637219
659458
649951
656761
633804
641694
620871
635826
634817
632389
620198
630370
625913
620793
653660
615326
613738
625485
614774
624163
597619
603659
604575
604812
577008
595731
624878
619101
587134
590657
561998
580633
588007
573679
592274
555947
564092
577892
574485
558725
564638
534006
519991
556891
560239
556716
552299
547723
550734
551405
548630
581464
545151
570491
579293
545304
591115
573617
602475
652192
558278
565279
565425
562932
565763
552006
67945
566906
556122
216702
588412
601801
569602
63477
784111
686968
673134
696369
58559
56894
57818
58723
62219
56621
57383
665207
653804
660381
657844
698456
647236
870407
945591
659258
685652
630595
611898
592830
809654
566964
716327
575278
566668
688653
571618
567753
578279
569822
561183
535965
596357
702758
583383
579869
665155
550382
726613
605837
60752
61317
641376
270915
638886
581882
611107
778463
618483
756454
609092
616709
556866
573518
555808
565587
569979
567384
550960
551916
614993
554219
555916
587764
558579
544468
611337
553370
561217
614936
590374
688462
601389
597976
591038
583503
576359
578859
577586
549211
587872
565450
571132
564751
598041
561433
578285
713305
552464
732824
571925
561840
610147
581746
724370
568676
562481
568639
557980
564109
558930
669137
550824
610908
557115
563648
558081
546547
554816
526924
578463
606093
591623
698605
712588
644907
547950
675353
574541
767908
683017
579552
777375
600329
601076
574754
619377
560825
712427
757717
563828
591131
564969
701312
1091506
630158
647866
955228
682648
587257
607015
579107
601170
559188
582281
563824
553332
557560
551314
545623
572667
604173
989403
640168
570636
568781
704356
669432
719066
654503
943484
810701
824303
955133
921513
1259028
1751001
506172
1195583
1190934
1256249
1446025
1214019
1166348
935744
938908
85559
1578287
1059817
640304
3269137
888358
1078474
803078
899417
798190
1146335
1048628
859781
843040
877145
667907
562273
579664
561765
77932
683696
741770
283401
187465
138123
138839
133084
134697
134056
132042
131315
148926
133619
129311
142879
135057
83789
103506
808218
1085217
75836
88213
66790
1046695
83678
73939
74782
986164
75306
66010
66724
1188623
26030
22610
18944
22082
20171
21891
20408
20995
21170
618909
889518
766967
728480
723916
691470
699378
21285
679193
762508
686152
19463
694574
695745
659643
701387
687543
682850
728418
817390
782219
19359
798501
19219
739234
21604
20218
19644
19119
18452
23263
792557
50070
39320
44394
36679
34763
43759
34245
685410
33626
242513
32411
44600
765306
243113
250719
13737
15725
963329
629106
631609
569931
237526
572160
240452
635647
239523
606304
604402
625124
649725
608006
604826
613951
25454
38191
32613
33584
33530
308029
689616
720871
709644
772375
327976
410199
262018
727284
624596
1059890
423215
438971
819753
726039
747729
773524
764779
331519
846630
937782
997124
873900
877197
251206
729810
758805
829977
772028
832971
752733
776130
775510
788401
594063
40941
560649
662167
683387
546620
1628986
960151
1549332
1547554
1380527
781566
705014
1032089
231361
237019
725118
733778
734956
756339
616470
237520
50798
43115
727555
662598
624292
258172
973311
20066
39410
43551
957358
38619
1495956
38409
20668
24831
62404
53518
1445326
1541922
1392561
704621
676926
614824
678729
690902
678832
601257
688867
709369
653486
1442023
545228
558826
584857
594007
1652117
1347996
1368693
1490881
902489
981907
361282
355979
356585
841018
844797
355025
879996
848250
799935
809391
868892
833376
838557
822945
828839
832289
813014
812092
825467
818031
800080
799113
843351
849234
816746
799035
744254
880579
885008
858321
908912
831043
856403
867300
391775
832705
823706
767074
773721
838047
773627
780656
33500
725151
67957
45740
43777
773487
45171
755053
41143
21782
922418
786063
799295
785682
22010
838247
803671
797476
47787
782850
63671
779557
766331
788241
643522
44919
897540
23418
21901
799519
22716
788622
866627
832633
788780
747239
668874
704387
605237
240264
153302
751828
704088
635481
676806
759465
1062127
1034033
971674
1037199
846867
694818
615415
23804
22560
687747
636014
136700
135924
138416
136409
132483
135978
137161
861051
135153
135035
134536
148218
136023
141078
349619
814251
168729
73865
68176
69074
73025
69567
71369
72649
69767
611237
933538
1082127
919074
1002078
863288
1366328
1377042
1453030
1528119
1008695
811989
807886
795217
933526
404823
916471
798140
933762
823611
949529
977527
939205
792702
55831
707453
668838
1167250
878613
764705
869636
767701
776097
876637
760923
753886
735302
779311
221875
808366
1076901
940982
900572
764780
723389
657764
660211
53061
706600
718204
734867
743285
619504
613327
605422
614669
766463
626361
631235
606782
603606
408613
604886
606310
594679
592634
601501
612768
268472
329490
255754
276251
686192
635944
639384
680177
946532
954063
614591
703787
658754
657935
660145
646968
625762
635327
615833
580198
573168
604823
625110
621257
558261
378086
654679
611786
626186
622875
234667
565962
550775
568975
564028
556175
556494
536842
632596
638491
635087
624471
653478
611245
732670
752849
745245
732729
762125
802724
743159
792433
636507
655368
1027837
1198336
1630426
1253253
1130077
1079291
1073956
621088
629067
257011
295995
669717
686042
643094
583142
236731
624421
245826
775769
674620
667835
633159
689715
673679
253616
257988
681242
671038
657390
653480
657598
249221
50657
768361
720522
688461
314046
783257
13006
787548
256338
293344
257444
253109
672740
686893
662511
657747
610187
638911
626027
643809
647541
634606
589149
596486
656564
640119
608054
578362
629808
664948
70324
103452
82073
649700
639379
666712
187881
147996
293719
787563
690530
969664
641439
660236
677886
633851
252053
645497
642914
241389
248433
605552
599629
876772
780112
260651
762982
766650
671953
695191
198850
162282
142567
57387
83081
61814
59173
59412
58615
41287
44258
722539
41864
39290
624150
42036
39233
45197
39666
137678
145080
143693
595292
719205
252352
252125
254020
263096
262265
271355
682599
191923
166178
758372
139282
135891
701260
633993
783883
203427
145066
860805
149055
141612
136411
140680
254185
144550
244334
1030903
209734
145728
143692
141815
140580
138719
143248
483261
285646
262343
733729
675243
93109
352984
481809
81328
78303
82235
78412
84523
79464
78670
78719
77151
80289
82497
82191
81002
79336
82583
77074
78227
82063
79673
87581
80844
256166
875644
646536
647870
630529
635201
622745
261096
270413
1287085
270503
282456
124197
257930
29573
250280
69320
750754
268548
640339
617197
647844
252734
135527
83816
80225
85961
93111
83250
83013
81971
82392
585817
614105
556785
611631
622690
238039
272698
590315
878766
675287
625931
587119
572014
625888
638461
602447
602107
232489
232366
222130
240821
235693
32832
693311
635065
592716
19121
589697
581033
564094
658702
33105
227104
219517
211276
242716
655574
582953
603005
573115
224821
20959
661751
227002
660802
566748
561986
575375
574330
230558
561198
230528
231470
662437
229703
676028
227625
218664
559405
11134
231974
666062
11313
661036
599689
33927
1046966
126389
534991
1039355
647210
444096
430064
389157
348152
715422
14796
13308
928416
1181318
475924
904641
445162
1053744
887211
873433
704683
791800
693933
810831
691805
331029
741377
722955
133927
83884
78702
850940
238159
232709
97182
101324
659522
661313
73520
660431
87344
605666
566795
97172
599343
73981
590695
55298
595977
87889
75467
584236
621978
559322
647762
587996
221850
576875
580634
587597
218353
588675
726810
668569
588897
617496
585553
565573
660864
591779
259202
623731
217302
643378
219819
625267
104103
81725
79038
663175
723490
652559
597616
232827
117214
84655
79183
680902
234969
71574
667531
238550
80251
71561
81274
74856
74774
80519
713682
71527
74094
75278
600501
237365
611082
669148
237785
71150
74480
73326
583044
692508
660208
618387
592221
530235
529287
583216
542948
214719
220743
224188
658155
221361
214548
669753
213960
230850
1557533
5430649
678529
261718
756464
674363
660199
665967
644112
617793
793258
752240
58468
858830
784457
247979
54648
691517
638489
646574
611306
338467
106221
75155
74015
813397
262822
83943
276471
74826
688215
81909
643788
72457
82666
76210
667185
71456
79436
78082
635659
956236
909602
609257
74871
78377
75837
654695
627020
624682
71373
80122
82321
681053
79788
77602
79550
680051
243049
246663
242991
237450
245026
244527
236734
570817
604504
557444
735187
226735
599648
586301
11688
587915
826947
262081
254538
252760
270660
269027
269323
262204
276986
268989
781743
655498
725997
630320
771454
620142
652151
627405
597040
625318
797347
635720
783943
679793
611781
263302
595660
686112
312156
614581
598727
812254
632305
654741
634479
753967
696844
622290
639561
787673
415539
680247
656806
649077
677958
814285
403051
826619
246059
643395
678927
375834
825964
243633
251005
237796
244052
247672
236860
241732
236024
246347
636504
624807
238087
240674
238439
623718
712313
36045
448941
16260
5593
966855
14160
790666
253697
719982
652411
259702
1220897
788654
648440
670517
779806
373302
874121
882419
806241
852843
866802
252830
664065
645999
678521
639053
772265
614958
286740
13808
77352
69027
69824
70052
68234
71682
74740
69976
69439
67795
68787
794598
676818
13944
662794
48028
769404
611982
552955
26918
53497
12954
684913
655320
55675
624963
12827
660407
629403
251907
596593
15040
629775
260103
659525
586915
599169
569272
217288
202557
540345
515451
556575
205667
846130
650633
274470
248500
503512
252357
256473
240287
237163
236945
336667
725268
643413
649962
593068
624509
658547
676349
608887
568890
590177
579341
626487
237539
236879
63893
672670
624619
735956
679069
274537
620734
634446
53047
683652
669079
267357
843577
318918
354436
1047396
980889
1062050
317395
761590
361597
795483
803314
804902
324467
320211
977588
358108
859993
817625
838944
1673175
1098837
908895
802564
844165
766641
832381
843180
845310
786771
763470
943592
805186
797508
802292
794123
793519
784483
886869
799505
1009024
792250
778240
795537
806446
772823
779560
780797
778301
757468
770285
771051
800297
759855
762095
762462
798205
767486
757068
745433
748110
767553
776523
771781
775071
740380
742052
746705
718459
120760
26879
727366
719225
833137
739372
35949
29799
26746
729599
726201
717338
36075
26433
715846
759225
799805
724168
733800
741304
705921
751095
700413
755691
764489
750168
616962
601133
577240
577471
825131
818667
775632
559611
570063
551045
548538
567916
1756822
216471
573704
536962
560602
537675
533857
590317
616592
561160
602037
564612
233049
223955
227051
251602
760526
603091
1000722
75375
720083
639207
665033
589013
657702
679452
960824
703852
294826
295538
753207
872678
876311
766872
665162
826453
746833
661120
688814
869732
789563
905997
336851
864606
1385811
438801
901973
382716
339577
875003
740896
750825
781762
707911
56092
796369
779910
99394
815737
771873
606479
610342
623495
646704
635571
589670
769135
569713
549162
550585
544941
537381
537040
619123
231376
646926
386424
643243
589963
639766
631475
550986
98974
552647
578609
560932
596081
556040
572192
420184
623248
272743
618234
287006
277921
777751
657860
690887
640337
666081
678983
667165
631010
645973
592291
602428
603495
255643
803467
239026
17720
13233
12782
14307
13646
15958
250581
16473
14098
13995
13894
14169
13407
13331
13693
17621
708350
650126
12932
14381
14062
329951
690204
237089
319522
244852
716682
714340
685843
720277
681828
269925
798629
278522
770249
260681
671941
663449
51023
40863
40932
40066
47864
42404
644632
276115
270013
250688
261521
671625
581186
670678
610962
1350836
1347650
645169
712489
262855
57958
670085
659831
677553
695666
329627
256072
717380
759810
751495
835129
796971
16902
15427
16980
15346
19116
15877
30051
15894
15991
16127
15790
668822
16328
12990
14813
18371
13376
263529
992560
665936
14632
676360
823371
699594
755411
14072
13292
12911
14091
13880
14010
14083
15363
14024
14174
13699
13809
14474
16127
13704
13646
14279
14810
13930
14244
19663
14100
26020
17344
15122
17037
14725
788786
636632
13649
733324
570879
258969
241527
618447
13263
558474
601943
560860
14351
14030
564571
84073
644625
13317
13425
14086
13436
665291
61188
62654
57739
57742
688830
564978
545800
216753
690396
642115
13679
639991
226008
668553
24342
826064
678523
26612
21163
20980
21390
24649
24546
647940
576174
637443
14787
14259
13539
715464
618997
248964
629875
606590
14625
16001
55360
14212
94627
80151
80016
89807
78620
14418
77795
77970
78099
79258
78193
79121
79468
80787
80351
80271
79441
80428
800739
79580
78976
82857
82865
80528
96111
669738
978065
806299
353438
77677
75335
68813
70736
852716
457783
74470
764774
251314
252489
71551
68779
68973
658605
852025
1394780
441759
529007
514586
754152
657458
677041
640278
788417
760514
818362
565345
576478
597415
640567
590978
592803
576545
611272
579466
592537
75658
595451
636733
639496
238140
589725
623788
582985
612757
768235
351853
248551
644430
253582
241796
249411
242330
266019
246946
241647
649385
238595
232561
236068
639888
607388
275669
632564
249652
646521
627492
318963
311980
308857
14798
292439
387193
381272
762858
754636
649412
298735
861819
16473
269905
830731
15201
709965
253945
833543
258301
828630
744506
251827
249830
15582
14842
14272
13955
14440
742665
658891
240325
237967
239455
385499
384359
379170
379078
388138
761345
622198
252013
261365
239447
243265
305629
224677
232416
219844
221024
273226
221904
221113
215869
222152
219656
216869
5416035
670389
790464
18511
15164
15019
15020
15492
690036
376563
265409
14863
17165
32068
27998
27747
27934
29007
27990
34382
33748
28015
28338
782609
29288
34437
29003
29384
28619
29238
29470
680430
262155
254478
684451
29208
35304
28292
27664
254972
265120
359732
248768
746808
251044
249766
768978
704482
611722
623262
591666
638440
614708
622942
617992
632319
613889
605318
589957
616442
608208
661915
638511
618843
605218
697007
653053
598235
662584
659322
364275
369808
367488
407314
362806
636145
330967
239737
362403
246711
244492
608073
636440
637565
607800
278412
231355
632350
617507
232309
216578
313897
628169
274758
95976
263533
411297
390142
389357
392894
386871
393281
739855
758084
797562
745952
664399
635779
685001
672600
671692
15820
14682
15400
14556
14631
255372
258881
634516
246990
645889
234180
302916
14017
659911
34522
743576
621775
623887
244034
245941
279681
610211
353089
561720
1294331
1096516
1216437
1146467
693612
686503
664464
669682
682474
659930
679244
660853
663030
648510
646647
655917
635438
649911
662882
637075
625891
649762
653044
647610
621385
631264
630699
629967
641907
618290
687894
680278
685337
628535
662537
661066
677511
702136
796577
641169
655438
645155
639062
614920
686858
636197
653566
645524
248050
246408
637020
629320
669535
614559
639027
628863
723439
657705
617401
649012
603677
620544
711604
689018
719653
684253
675155
719142
690071
687452
685966
679754
674475
697780
696948
668694
678139
675038
663318
659129
845864
666571
638909
614885
608080
628764
628710
654712
647861
643332
801124
647999
755869
635331
683632
668449
670925
719843
73188
71745
707618
70398
699711
720989
670068
701092
668544
679321
679887
695432
672305
675883
675612
659866
666292
8667
668095
652731
659597
648752
651227
642530
631925
633148
625946
688072
688236
679183
686363
680392
688083
684562
670371
701823
678674
679444
702489
656057
651860
672251
648225
663847
645446
665620
653436
809658
623858
659142
628021
638356
622541
605041
639192
703405
721232
703091
691920
731332
686766
676762
679422
671894
788238
662334
664631
180982
671311
119935
119885
121585
659277
116072
114625
678619
635210
118897
740615
651571
827081
113476
658282
722562
14627
648731
784132
663467
663993
659099
794383
826146
828829
809799
342925
797224
363752
692795
678907
699459
752077
618962
177541
120354
117078
114146
121738
116488
116538
115031
113334
619984
683436
665777
665442
629644
656763
667653
653534
655811
635183
652622
656572
636176
623292
637281
630794
638511
617660
634665
663887
629034
667727
625147
628442
661142
619716
608620
615565
552223
651588
675802
684588
705319
787653
660384
607353
671619
654406
781223
395732
692271
671861
684357
674409
665670
664497
656129
654287
669499
798262
664908
682157
651186
652873
658867
660293
663894
650239
667807
641222
656442
674239
786914
17890
304381
377827
496141
484311
16148
16613
989995
808312
850022
850374
771385
773101
887267
812073
1144808
970367
802108
103150
70211
74167
74782
68873
646620
656174
621525
629053
276425
619799
631648
620858
642523
605399
623065
615432
575789
593029
622156
602521
245440
720349
244262
710173
582020
579334
691130
592220
574201
597746
911016
1097088
1043071
977418
1104666
909413
998489
1035045
988358
967772
1073078
938014
1038368
922512
952799
952256
1022734
1072116
1057716
959021
932381
1303709
953064
1032820
927625
1122008
1214600
1262341
1180220
759998
243367
244136
243143
320172
277258
276322
258887
281720
756034
300580
67710
756551
289479
1009432
378289
375228
338165
1032434
808874
736227
813242
799881
663870
336995
693959
256435
299279
301055
841151
732190
405371
983199
878797
854130
385169
380233
376783
812284
106216
262526
766927
243556
686162
677429
613109
629006
701789
606594
329557
889295
874809
595162
704739
670953
225218
834162
708820
789128
20436
21913
39461
935934
38025
794888
1244087
735170
757400
1006629
16278
745792
913618
762602
791282
822636
334418
778160
764195
849471
318835
931982
857492
769940
1779134
30337
41408
939939
337968
19449
932269
28422
783134
784888
24352
16133
871653
861872
781062
97706
59297
939225
805707
768090
963708
752188
892939
829575
812390
833526
798058
936296
932619
487704
1136101
1050048
22975
1294935
1075310
992063
1028568
1128424
1165910
879731
1022216
27081
1049414
1016082
1308385
26381
24787
982117
1018244
1009286
916490
907175
900273
913094
22130
683142
599135
21944
623560
581873
616764
600618
583894
671226
591842
694826
665078
616571
771755
664613
664883
628080
658900
21127
153728
21680
27032
757395
696416
686981
648457
684343
677664
719558
858998
604133
769810
649778
705118
242815
706211
816178
683312
1025952
256641
682813
1019283
642038
781846
749645
628564
764939
760379
449443
743341
260218
743790
16729
91019
718260
88917
75651
74991
75037
78051
100532
75779
719474
596583
87084
73674
79980
73474
76619
715099
649963
752974
829026
698916
321510
728353
608355
640903
625750
635652
710795
745947
271589
403984
743498
637307
665556
977234
806655
304980
773219
23670
17143
14791
14072
1044362
3104858
318288
289990
312026
296574
344133
345278
291537
839940
287939
274056
269420
282181
274603
297992
279058
287848
272334
271117
292979
269623
526515
440170
505683
442372
997645
730702
789303
17874
890561
813606
802754
21601
1089143
820376
814612
65027
69017
69220
802052
788040
249912
163457
92993
78894
90845
79989
26492
320021
316734
898629
851297
270426
238528
252937
609118
231764
255462
235203
224136
688319
662110
235103
321264
224064
705816
292193
274936
233482
695432
13572
378987
356306
728424
254362
1251761
558755
1618953
655326
94439
119292
67754
464524
1013024
1026021
464994
1073921
1045365
470886
449609
491048
22611
1261206
972775
654287
348566
343658
345563
337627
384686
361328
790909
793948
331849
325919
230226
324764
627103
655860
932656
862844
694589
674414
953516
1585527
366081
291814
475016
638682
100518
80091
78524
81544
89664
82824
78932
80492
79653
266674
581210
316977
690038
154170
116499
121760
117469
868748
431894
253281
446356
238680
778392
47181
247552
84949
658538
20085
19727
20998
706578
1036571
443335
347423
903062
56386
667160
847802
638428
815035
18957
663390
659626
1028752
354759
391954
1560138
1577764
1770413
1386162
1433714
570750
517515
715522
668435
1629731
1326316
1208586
62190
438548
440953
48296
1279635
541283
63015
61880
987430
845615
1215986
267543
693547
254080
665733
640030
709740
762709
706316
50790
46286
39052
39013
39617
789648
681110
694531
666046
721939
643573
698414
673706
639316
662496
739542
664566
720571
641947
102752
1010346
1043243
716881
689619
679353
724091
39970
650544
642497
644050
647782
731220
588026
714777
665724
643197
615182
775748
637134
1070730
18213
24811
16454
67380
41555
40763
42485
44811
41521
42553
823065
809299
721373
803892
655629
650479
658510
643823
646630
670721
661114
657735
1290334
630376
1299487
1101923
1103372
1088160
1125405
1084805
1065360
1319990
817719
753727
598035
692801
668726
726808
231490
677486
656105
614010
660050
630746
744419
689363
616877
616426
650802
597784
225892
102354
94900
632372
604149
926046
697480
562064
556526
284684
276670
836438
609062
678426
689104
755001
648044
637845
635073
643213
801231
831990
250792
272781
773271
813330
249906
656628
609403
248059
1306761
5701339
51967917
21241262
574991
638652
253849
591015
768243
17189
603036
669227
59566
241309
612440
608652
612861
617548
18886
22870
12331
757132
631091
673549
654155
673061
58993
655633
654782
268980
627362
611415
333298
817017
360871
808105
439988
821708
666574
694492
739532
835656
737781
250453
20102
631469
23896
17212
17059
17239
17243
16993
17072
17125
16446
17114
17352
17714
17090
18656
17113
11973
714014
623789
592518
603535
566612
719203
56429
57786
64028
59280
55816
57405
55693
54965
54774
580669
574671
856167
251171
650938
734265
627092
825583
905565
276212
849777
845123
92598
65548
63726
90640
696738
979729
3148957
896493
79700
1006214
817154
730497
620050
364978
663667
785668
740565
461266
707023
767638
776194
768189
812673
933285
850188
1715142
1786093
811892
773905
809969
1101589
974459
618813
680927
665106
645831
631184
636966
668064
933537
898133
957477
811450
982747
864640
819612
1015543
810561
829788
785660
810031
831905
921253
60901
66616
756965
620071
274150
973338
71227
65372
259104
633205
804732
618991
668309
659773
1225167
773050
807522
272435
812679
779701
626274
642882
654500
277751
258281
256108
646580
649119
326945
793725
694125
703744
658603
901052
392412
933914
854080
853681
626633
655358
584398
624816
707359
740202
850368
698024
1017947
720162
785469
634042
616298
647560
638806
620670
255973
682656
609661
580089
587352
235708
247334
565165
601567
628101
802896
700206
574153
693415
658535
609688
611327
548983
554861
607494
823181
653581
675045
952168
601848
529955
571213
584049
567994
636652
633740
699237
605259
931078
867488
546160
854373
1182918
1020435
357845
940405
993743
896189
819015
360186
652825
293593
347574
598897
896228
815036
817954
834181
827047
832868
832649
806171
775291
795479
764707
755666
778858
79870
78688
71053
72763
71552
782955
779910
830298
748214
777258
1309652
1243677
762414
763803
329305
750520
740682
759397
859460
713611
732011
2697825
702089
650927
827950
793965
428244
338503
338142
413384
319649
338956
689018
311014
226255
242112
759609
225579
228663
75290
76806
796299
779730
65650
76053
77656
70440
67510
137136
1209446
77265
66649
72930
70077
76746
69102
65456
66290
73417
69521
67811
1104218
345227
861813
771336
735933
732184
580689
575187
622638
693753
268346
233612
638604
616845
658220
655721
625499
268816
701568
660953
738135
744926
619268
612010
610474
650354
634819
602879
808123
626230
766692
755781
786384
676268
771372
284403
631388
618187
627956
639265
281060
704038
812437
791197
764220
577794
574527
687578
584447
560164
89037
567361
571378
756393
737082
584513
565414
946781
1049564
854424
1022623
887491
1190745
963349
989491
1169614
1249817
914863
91391
1136681
1129411
922259
988862
1026085
1052418
947307
953572
981097
972211
904153
958224
969448
955672
982866
986816
1008563
1256507
944770
1076441
918054
980028
1185709
911193
625065
1128615
980835
992420
948200
933881
938393
964575
939554
867609
975532
945221
1012108
979127
972396
887755
1046219
465040
1009413
630673
633594
629499
663753
631900
602769
651288
605013
619462
576953
566748
601250
687686
580571
578282
582152
589792
578376
580731
1001482
829564
868591
655892
670132
655341
655418
664812
667948
619372
609208
637569
599742
304062
644166
642067
628288
387122
739438
751355
685150
718147
740680
760816
318231
761718
745188
23288
567972
641888
554493
599434
614110
570951
553998
574253
562658
548273
581021
570316
550625
548394
538364
559793
542192
619077
548756
632846
586447
599578
584697
593221
526932
221314
643837
672365
615142
562299
586756
552614
696056
642495
825813
586988
592183
597910
569221
566040
556440
623381
579761
570877
651506
573606
609848
598495
560045
564977
631266
575858
635251
614176
621991
712258
639190
633982
623061
645677
668755
646734
638455
585351
615206
619709
578360
618920
590884
562467
613076
611615
566370
589440
623143
609731
848633
710598
532433
614434
583303
624370
758980
720743
757427
626713
657953
676145
605460
612026
607690
625348
617366
622634
824112
795166
812031
772764
833270
793817
674654
613013
626946
709029
664741
633126
579328
605372
590859
593601
541441
585254
586518
584980
593979
550228
598919
559672
683288
539639
140428
97614
92469
95073
761461
226654
233343
689744
635708
598260
813761
598949
687184
669503
36882
71571
311007
233705
309873
902794
686299
604319
606797
677815
599986
606216
828811
664340
800042
709015
753534
662863
696498
666296
659297
673121
668463
624368
844592
654108
664546
652875
601823
316309
588538
279993
620178
596530
254334
782173
387164
779400
546031
602447
597684
740083
63959
63236
66243
67038
68761
93143
713764
239052
242741
735358
241647
709953
707505
655702
611909
628620
747027
764633
700885
841323
626661
271356
744239
703779
740592
68075
1249597
90804
64216
813926
67933
655915
689594
625603
683439
691131
236605
719851
725482
265975
1213541
786541
867495
847209
849686
707155
713263
337454
754543
1100455
770056
797431
976217
1034668
944042
70575
64784
814199
348519
263459
637129
636731
666974
304991
244654
59080
55989
232428
711230
232970
233208
226095
231703
54339
56708
58093
57838
817633
294094
286742
991943
833053
876189
884346
879184
846010
852763
874087
847493
862458
758942
734648
659274
625456
773258
619083
635029
644910
985156
975395
1995757
1003487
927804
670557
970572
969930
367106
991606
922481
541368
747322
365822
837335
817062
833050
830577
342838
800989
731209
613284
970242
840709
268226
672747
654071
284171
1362170
1200395
3227121
752394
1164474
1592870
1505253
1364099
1346338
1339732
1403919
1512739
1493124
1446769
1394649
1416475
1513410
1464816
1293189
754796
746397
288627
819197
617771
598237
613577
591350
577185
576490
553356
588046
236401
749626
682196
663679
594896
579549
560957
574048
557457
593458
571728
572030
248707
553627
560013
557709
627453
558971
526064
594881
69669
538345
558033
531913
603530
641121
680453
568579
597171
607592
561304
549048
607315
538953
594765
611218
253385
115468
679130
759514
677189
619203
770024
651577
625157
622467
619495
677767
670564
671516
661440
629363
248527
471688
594231
226211
227837
224653
230859
228599
228673
226271
263792
681553
675222
707424
665195
554128
235719
221024
223762
262732
240920
225814
249636
741738
627760
615710
626892
730983
881920
612870
559792
648034
578012
592152
322327
616909
780576
670820
661347
296045
807254
72070
70091
69880
87714
69914
69899
70519
70099
69139
70975
79667
910482
70691
310403
761138
669776
658316
314175
256654
321815
660745
112596
87440
627940
510547
760107
2028705
784324
784510
2479743
646320
619159
630187
1493437
2039697
1778714
614706
595062
834896
570316
611519
591214
618847
647565
645541
644081
524120
674201
1695153
21418
787867
701785
678266
726250
940710
800930
765170
603229
70264
72976
66750
69434
68609
70531
67030
648192
645930
591977
60765
32087
20136
20002
22835
779199
258961
521644
342146
326585
340104
337145
324275
952153
796287
824992
831636
932747
886858
893507
841130
832365
846197
857131
28667
56256
364884
32567
85108
52102
16571
360106
31114
364956
369918
21870
32318
31335
33582
33971
31828
35515
30689
40431
32850
375901
368116
19797
363685
378991
361689
364467
363268
363163
369966
370001
371650
381195
380428
832948
835703
365323
374759
366388
411470
369479
356661
368379
361697
364531
979636
368797
369489
375155
381013
407710
55555
840143
58479
823393
629424
632155
670302
661159
792345
828355
809049
371629
366923
382332
392510
428398
810948
822715
794042
765151
608190
623980
623974
787630
792364
762705
764272
378147
786485
561245
149880
765670
763660
766672
905987
761950
771378
772777
947889
824132
640854
671113
644917
638663
646800
642172
614495
40507
611819
666515
625000
67682
649227
586079
598310
606234
604320
847039
572103
607630
591654
648951
773040
829772
773722
788779
794559
627085
620514
237629
572071
227681
233561
646822
607992
632792
587507
598323
574651
548839
642228
846365
702439
724566
755945
706161
721747
779727
736895
711458
707290
701385
693531
710120
742712
719925
717765
699555
707969
743245
801998
726600
798706
827040
848598
714625
907403
785073
713400
799988
869422
765247
786400
800395
774907
751556
809409
770462
794788
816243
773696
760948
816242
649557
609569
611849
599778
551720
605860
610586
582258
680647
534378
593597
548660
620725
603819
586056
627232
595629
590529
611706
594333
592098
598172
641228
529843
568703
544761
608031
613543
606687
595362
623978
645792
620984
621125
608776
603970
621971
587421
649571
613443
621047
607361
601398
617444
597752
603541
636047
607770
650074
616477
592253
583672
579680
559501
620107
585222
596171
607661
606670
621828
626102
628894
582333
645723
754828
809204
727749
800234
787276
618089
547436
582526
802547
774510
733725
224489
633967
571820
573010
674017
627641
589988
551233
551576
563971
530000
607968
606929
593144
735775
998337
806026
748770
838956
811731
838610
870549
874483
846951
853303
835031
789912
778609
787989
825776
863649
858120
761057
784800
794560
827559
831530
820206
808437
805574
762639
787094
70273
326397
950035
927113
736185
718941
740687
743000
760495
724875
766375
329919
763928
357741
958075
889295
827696
832194
363053
904276
46858
42522
28676
28055
27618
27683
738697
665967
991882
177624
123670
6313
1391483
864518
896620
823257
850938
941972
912638
841857
896239
758995
629741
705737
90839
80815
76926
276027
188913
280453
179989
178503
181226
179056
179932
177952
193996
181407
180471
184459
226322
189915
178324
186783
184752
185632
183414
183116
180946
186864
187639
184114
179409
182937
208242
195852
180953
187239
196822
181164
180447
180585
183229
192842
208588
183148
182555
183200
182935
178410
188613
184210
178321
197690
190136
142407
131439
85705
1152719
1125488
1297045
954891
501113
492488
400722
859452
680421
332273
365669
413289
853885
821109
769785
763374
832693
792288
390603
871487
404455
828529
758021
765770
754324
317657
847938
13397
13459
13228
19689
12834
11356
771771
847879
775674
749441
792706
778438
682499
570721
650136
11202
700406
13293
702046
12186
694162
569590
92759
71104
70021
709845
1043454
947809
722071
466777
700812
704675
588386
628555
677009
310691
797203
1813636
785347
4869
5131
4822
5000
16344
757995
261746
219177
221178
208752
218175
15969
209848
5171
714085
1198797
990410
5007
368694
332306
5185
5681
984817
5669
803087
7489
895134
693247
633440
621250
641879
255856
640914
646627
250548
640455
804180
591894
597392
580721
762334
587553
642624
386746
384886
384764
605957
655053
622212
253556
638619
632338
611564
603330
597671
586762
622806
601888
587644
658536
621968
600661
598828
583652
868172
604967
685275
571460
551866
571937
578296
710997
586018
572372
589334
582671
559350
571547
561181
559073
568826
534076
550282
538333
223846
1994226
667995
572728
580631
532639
537936
575494
581044
548120
686651
647703
526646
526115
546052
580336
595656
334553
915165
941273
772188
924891
780037
766477
781914
905372
796786
1388860
1257825
852491
594833
234548
576892
563327
598808
546631
571405
25430
20884
20683
20785
20454
19458
19313
18371
19304
21412
20519
18917
31687
975825
797652
782039
792725
804194
605204
641816
604118
604411
584085
609842
632692
657027
1023978
1051827
624160
1161501
1038508
941865
860244
777030
786995
756123
801401
858322
589014
571209
898206
921076
821164
789367
807260
797625
916761
620140
582590
594587
611314
659232
558390
597868
597425
579698
559731
620470
568803
568095
743148
781581
765547
746888
717645
713479
736904
735483
737482
736234
702723
724641
24460
734056
717497
721484
726585
762770
542116
644957
589045
746988
561815
695984
623570
596851
557959
589980
568408
1097891
2042535
617382
614345
612825
574557
553228
547238
558810
1178972
1084485
1267117
1418667
1068676
870365
788449
837705
797316
762292
778433
813379
1202212
1270406
832097
1140459
932478
887574
794763
1059252
1138457
575380
602514
593672
1088585
741652
849961
769952
812785
1096016
2120221
845900
669417
886605
21008
882602
836338
845112
382056
670389
655568
644331
637204
625167
803678
824042
792641
770290
756926
751845
773290
756105
780117
762390
752194
766365
338299
922228
767494
690591
772151
734920
586806
576087
552337
539705
576548
567097
549744
540973
812602
1623075
856636
592067
602060
887548
807097
919363
1184346
783661
1391602
909360
771508
655285
1077422
786971
781515
786085
802763
773638
773074
752477
1225238
915819
747802
651345
626574
622150
529197
539475
551880
858457
589006
731270
602950
817189
571284
548709
646952
560126
522464
546563
648294
552644
689870
667661
224649
535510
678133
534982
534457
549702
531759
561312
534251
584676
632385
555806
635159
651158
608568
531468
670916
570801
574622
587010
599093
604514
579738
551856
569399
563624
529861
875554
730079
730023
714320
725324
729765
811973
819708
812330
882216
840537
821296
819689
808155
822206
798547
839065
774874
809446
819752
812499
1100525
801053
787565
794811
784125
971996
794594
659772
437686
893520
878287
809616
312580
882255
804962
770705
766519
756412
815507
771512
783349
814602
756176
813714
933691
335192
756276
763831
777198
746172
746844
752387
761204
716996
739357
740907
842171
726663
724566
718856
721474
725485
720030
702353
710975
719069
711007
704042
723193
800632
584045
547923
555941
550998
554040
531810
524889
543634
632057
622069
549330
607384
626426
536723
647631
644522
536557
214983
634797
639625
558491
615766
644223
546890
612589
631605
555707
694854
631820
552784
533493
526726
569798
588684
557384
658925
605193
571006
609990
620506
595896
676950
585414
561904
599278
596379
611659
613329
568979
631465
585027
626648
605424
583937
543263
580866
559914
571433
712708
776491
679396
76336
73072
72242
965243
816870
843740
815991
829166
688637
759158
646076
622483
612344
618859
620311
609720
596292
613074
602288
606967
599018
581031
611738
598463
594017
578791
621146
579315
586812
578482
572428
615422
569005
568364
595060
621548
592448
707496
620656
618014
622957
604143
627720
621671
616308
616886
616449
611561
662388
597378
604849
640374
581776
586762
598529
589613
597039
589012
586179
604896
582934
591068
582076
572193
570639
589663
595767
624873
573343
555142
640031
564931
680610
663384
624522
624903
623562
625793
631095
608704
662052
622067
609696
682504
601691
616570
612169
611835
624599
776408
619082
652959
666055
640933
618144
638661
616998
601874
624900
634197
630023
610620
625700
613055
606163
604049
1053694
1113799
1243323
1358362
1524633
1220766
1449310
1333104
1038210
946819
1615934
1810250
2628385
2183424
1751242
1262966
1284608
1413694
1682827
1401667
1095456
980595
982313
971737
1082811
1095361
1032787
1371359
1801666
1141026
987561
1147923
1314666
1478718
1068895
1230410
1043096
952605
1794761
1228003
989124
1124822
934121
917857
921875
841821
1411903
1017535
1219641
1404366
1121213
931139
899656
1147129
1004159
986608
893645
989821
1136330
1511647
1489012
1091444
1255956
1223431
1011825
1003258
987829
1370615
1477461
1332617
1650333
1517071
1862550
1792723
1294085
967926
1068186
986510
976714
473965
580378
528086
582396
544722
530095
676508
604784
531325
533697
531517
521369
530426
562851
777201
669177
569536
637951
591029
564665
646049
565559
559579
589232
633277
605925
629595
584326
710234
614747
606234
623772
589285
567569
587853
712103
633374
619794
624393
615907
611783
623541
612540
618336
604004
590572
591400
600100
604347
591837
589144
597594
588835
604803
575525
586500
622045
574151
596081
554207
592554
584803
570099
591031
568405
556565
597664
562625
567917
594233
571393
580066
565970
738417
753877
727006
747678
580832
768592
752538
728184
717813
738617
745101
730144
706703
714734
550010
537374
537279
621238
647029
993046
1168273
668406
684395
716097
680102
674647
256391
274213
267786
642035
658741
720256
261270
652930
654374
664477
59132
829011
344202
1201724
1542351
1485033
1148299
1282360
1313936
1152657
1137482
1085368
1385885
1192766
1036901
1047141
1080740
1054070
1168917
1031970
1104638
956594
1241133
1151987
1039239
601043
538384
568277
1029212
1093358
820388
632158
556707
530799
564697
532269
561385
698702
653700
671962
581538
563426
551773
538022
533744
606416
550967
553888
560248
663165
605830
558986
628206
618470
755817
602279
651828
572788
592250
583432
557566
706478
638760
553086
625377
656104
677092
569336
568889
599765
538576
534471
548211
659211
526749
661207
643661
600772
633346
590325
612217
600722
570115
553147
533828
602963
635626
753566
744959
866052
794248
626164
587954
596455
593456
554451
580218
547766
546325
548531
542649
580208
543069
578520
638917
578784
548075
554408
528108
553971
559609
536589
532915
532244
537361
586658
526894
603089
595535
545254
540218
555508
560711
525897
635030
656081
683076
561629
525255
561051
531551
538971
570977
714886
623022
627311
689227
616055
587329
631730
590602
542832
619089
554750
552302
570178
521903
546021
536982
528921
529400
514997
514078
640211
570514
573729
591204
537567
528206
584252
577384
617628
644787
647724
568354
638926
551725
549869
246166
628503
548307
557176
557298
552687
538904
538018
527387
537481
579529
517855
543851
579971
541982
524228
546505
619341
542662
561295
647123
602857
556051
593393
603428
638558
603158
617521
655907
534433
537818
538324
561554
535563
547268
547044
562384
633603
253820
865663
625512
643252
665941
606679
605652
641283
639116
606903
608283
628199
573296
622539
616144
604729
542836
1027523
1127640
1716428
1766161
3341363
3225510
4156825
4367977
3677187
4102594
3420366
1496765
1833907
1631995
1017779
1214282
1504160
1302404
1017077
1154916
2173698
2820958
2824739
3343200
3155449
2514171
2052329
1115913
1187409
1087435
1063764
2168695
2247739
3418338
3285651
3337806
2973208
2091407
960856
1051534
975216
1096438
1200518
1644266
1297764
1190196
953751
1865185
2352512
2300274
1842168
1035259
947114
947882
563465
649281
573689
548512
571252
564165
563735
571405
572389
663574
565680
641064
708948
581323
700125
629739
547775
653822
666528
613140
646870
652946
613373
584728
588365
579782
666363
594765
671989
593464
687474
632046
1043443
990272
1029829
1055213
1108862
978072
688106
619936
976024
908239
628786
618430
714048
768972
669175
648303
776305
690567
632880
613480
606930
556466
577400
629585
597745
732224
560353
574181
615629
576462
566017
554390
560233
572720
590509
569084
565288
545756
542272
554823
566377
232036
559500
573320
526469
531329
571675
610176
661031
632985
569042
716616
642372
682324
535437
612172
659932
610534
612423
573743
691978
616367
617760
591908
571008
609579
643119
630878
657645
634703
616431
624379
659003
576508
647315
604695
670615
548252
535620
556858
582347
563713
587250
600595
576624
656348
568370
615169
577673
596977
617594
617010
582386
587986
665850
617510
581459
635177
711922
641888
586682
614925
618543
767348
639502
547157
709463
590991
609038
611465
598709
588589
606895
606163
637025
563736
554228
700037
544485
623981
581376
591000
539513
592945
595493
582921
612319
570968
569698
794424
732036
690593
689990
647615
699621
622587
694662
628316
654764
587895
663908
589725
593396
584221
600667
575165
575851
577118
559596
522051
516399
689109
560502
580797
621862
67203
652289
557096
606315
547446
532698
540058
589136
604282
554921
569482
67752
773294
600301
665624
630175
38922
35378
594095
616774
592882
627954
45327
606792
577368
593781
579012
573956
587410
577015
565267
595598
550964
603254
795244
651663
629897
612718
630319
71199
36736
37103
38180
36445
37820
824851
41472
43822
822657
827709
834826
834754
55737
973867
637635
630184
625834
616372
638083
629255
647838
619136
649702
625132
589055
756606
573882
586123
635378
596189
583021
586916
614312
586066
559675
55745
55757
55660
62862
56234
59304
68833
814246
703116
288537
303360
327609
798482
421715
1419971
1586393
80595
61716
867538
1010213
1267000
62087
1009422
56285
922489
1163070
1054232
1056808
87985
934908
993280
985097
993804
1028557
72999
934279
957177
979045
978791
955527
915054
77557
942732
944248
999091
692235
1109795
1179968
1011246
737723
774054
764954
762973
1278866
77076
75661
1005508
72687
77449
72904
70588
860384
1611825
1173330
1066582
925234
422037
963560
934960
1014704
1032733
1094457
1018774
1086845
623221
741781
644838
933625
1068559
957717
71291
902899
908549
910442
873916
813133
277113
723576
667056
956277
943794
859445
1268588
978137
797181
837018
1176019
844993
827107
808739
798295
780493
803773
867292
794665
783977
816710
834940
794365
792076
741314
785942
742264
216106
284186
694286
725868
791768
366944
668586
331693
318822
82285
70696
635748
1020302
505999
963571
138909
119379
113633
120318
116228
123214
114990
115421
117081
117628
127093
123403
139513
120801
125098
129019
122440
146158
126523
121905
936527
1254938
1223655
665316
611702
628800
638040
252336
633162
775888
648083
745826
53625
60097
3023965
699792
943192
749585
636628
681978
995313
673363
590581
594278
589428
604247
586080
592667
532008
882758
965719
777031
363978
327410
360813
929988
810676
715341
19915
6650
298803
307302
327809
319501
326663
296204
301989
63275
58748
58890
63431
61640
57457
670929
703475
694897
688146
69114
800688
729452
649655
692230
229211
220029
738267
225272
265691
255160
222329
216120
221375
213339
209953
627055
277903
222246
205303
70254
235442
738859
230372
228489
281805
637824
633209
575120
236641
704278
243740
225823
207773
215693
634168
544365
237091
321439
236036
214426
246527
216943
208771
198182
222937
221834
659499
549968
299568
231659
240197
696920
243845
259771
264136
233921
240139
230203
227707
241221
724677
243385
318117
606913
251247
766676
673195
298693
240250
239866
242385
314108
234176
700507
694003
714953
219817
427224
207036
296201
228739
243247
638028
228669
262793
220537
706556
290338
696562
601234
731141
713933
575186
793121
900260
217953
940543
969184
792546
270420
635995
524538
1383383
847973
288029
999757
330859
345841
867082
594303
616259
826602
301897
698058
586618
706316
366012
832674
787345
815861
838112
22401
20827
20268
20892
20914
20492
20353
24309
20345
20142
20529
20282
783993
801111
338652
744077
806942
789700
756639
622699
827923
688825
640494
841797
764109
727772
770056
691068
552964
659706
613242
224285
594734
654662
588048
675335
578102
214326
646222
216088
565985
665253
662691
595056
612000
792537
902270
1002663
705318
296555
691367
669896
328355
599319
475841
825180
759713
223718
48109
30497
61930
323531
794529
115862
721264
837139
249860
422666
233134
225393
678505
282132
386716
236963
688486
552509
608010
709878
612523
216012
690021
766916
833388
23008
18408
327948
221617
710804
609070
682121
235667
605909
17768
14995
14495
17691
16791
20340
19906
18982
669912
232027
20143
21178
198491
211606
653081
712228
602975
580144
33876
21547
21762
693675
620544
587710
606395
628434
588821
545946
584536
600005
572307
591976
589212
587158
225399
677799
576682
599993
251863
722730
637862
621983
629169
732677
615295
234816
304897
702233
778657
772773
773598
771822
1066580
777149
276762
749227
767547
771732
1106125
763284
730419
725274
683851
652374
651935
680111
643469
667969
650442
640745
659361
668008
643202
632995
628712
686634
659060
618345
654205
607282
636188
611629
620235
637264
769789
595723
632038
620934
601434
774987
953268
754601
835886
710294
654327
697871
715339
730622
711721
844548
647414
644755
714002
679969
659810
726105
659026
634267
674967
650984
605571
695437
606406
269075
223693
565568
614780
601848
237832
684867
628840
569478
591880
598084
98840
633618
624707
79834
596446
563186
680465
684471
1002490
607658
1256350
119927
679740
646867
604232
702451
615456
226097
740606
609436
761551
73005
492451
966340
104598
499562
521608
1032230
121289
43254
64900
467777
108885
55168
478735
552539
497957
993275
479465
244395
241245
674114
619898
268614
228388
233410
648558
580811
705775
227882
233202
609262
557460
607697
249286
644063
716020
625436
592629
582288
268269
685757
604061
599926
578155
610182
581895
587355
606423
613690
622294
598077
556971
74089
558911
546771
554347
564931
547707
582762
634876
565797
596788
639901
540241
743519
551989
560597
77156
72951
79357
688304
763148
79562
68979
73264
69184
71067
70007
72499
70009
75485
70897
102944
70898
230724
31458
18981
43722
18931
19388
23678
22596
23005
19317
20047
19656
20138
18972
19929
19342
19212
19939
20164
20310
19782
21451
20400
19700
19952
21282
21470
795031
646232
655292
747664
19043
19379
19517
20545
21671
23273
25553
626438
616030
20631
20974
31249
21904
668125
20010
20090
19810
19117
20103
20311
21718
20740
20380
19715
667566
24176
19801
19931
19989
20238
693519
651998
79538
768722
1155742
960915
20753
20253
673358
689823
700097
19379
20278
725720
20072
21136
20692
20264
20472
21394
21610
20468
20119
20371
20133
20521
20473
647308
646077
663152
93801
652179
72229
69470
20705
20721
20611
22371
22692
21271
20363
31983
20151
20118
20080
21254
20434
20052
20084
23674
20374
24388
22911
30836
22276
22123
20024
647171
605157
658336
612204
598008
665471
598345
70539
78124
73035
556745
589701
608275
548468
557955
638343
529701
553552
566683
573610
541553
590257
609053
698572
73991
78375
672139
555000
571820
594867
578024
590529
721380
594671
555058
533891
560815
561174
601013
608046
585978
780257
579762
622215
593882
607452
573089
784136
619331
612183
626288
674472
599428
616728
589379
603192
567343
630620
646095
615729
548464
548308
602088
584064
595623
593571
87671
76013
71945
74395
83077
82306
72436
72062
76642
72202
71763
575968
662399
637508
555919
576090
578324
237872
574177
596780
624858
608421
231087
637189
679064
615721
596565
245097
270826
312181
221799
1107839
1111192
257562
231168
323826
1020997
812051
734576
237676
615893
233375
22151
23074
20672
20840
26039
20073
20739
20158
678529
20079
20030
20509
20212
20288
20820
25470
20136
579120
640843
550111
730084
274805
15808
20755
664764
638352
617392
644483
257212
254031
592498
632018
246007
589718
252055
288696
21070
19494
721066
23160
22389
22004
26568
23036
21099
21211
20643
20580
19605
16991
17192
17165
17894
20564
755851
636475
603900
240411
267529
413324
252037
283650
432374
484334
491909
819540
943083
1082182
768848
308581
767628
345443
723942
779495
1027435
764930
736410
721066
700368
723797
731631
711789
357982
612397
538522
612437
542665
527364
555878
629912
593274
223258
587810
586223
563456
597163
687902
573813
617922
544101
790919
635299
596270
651116
546891
552490
540039
557198
541598
541317
519733
556828
604216
667800
598650
562944
575622
560393
561550
621906
598485
599896
563424
590601
614490
618626
771806
259111
242626
662656
594187
572015
594553
603036
593423
588604
578937
575639
556709
618483
567226
295966
640824
253214
710550
663891
546709
563917
590244
561026
540093
578665
583579
552831
568151
546202
673844
683701
769561
668998
738939
4345067
1311346
1488368
1136483
549430
560900
542215
576522
583970
575456
576851
542703
581500
556172
556077
546635
548174
551343
613789
604521
608365
568971
541442
553676
520438
566429
626079
534048
541996
330301
656468
572094
547314
560009
573105
539597
561751
584852
629587
556042
225532
602869
228624
651378
225576
654949
616922
561392
572373
545417
592846
554763
552688
561626
624044
231841
700446
730837
288686
685384
654573
642281
1014516
2026749
1938089
1324406
1135597
1417298
1433496
1458189
1561743
1396588
1150914
1438724
1591710
1398184
1457974
1508124
1059051
1008114
1525388
1086423
1050487
1166836
994449
1465695
1228207
1191728
427876
1184073
443960
403550
645981
748486
674770
1077269
414230
522821
411429
1189788
1004958
1038651
1004623
1038763
1048404
1016258
969633
1003962
987890
21715
45489
19296
24607
493416
474757
30951
17787
46986
17737
19845
989836
1001209
1094444
1014510
886635
1026521
1000898
981335
936073
939723
1050841
921296
1580355
1063505
813167
881324
698411
681659
884038
913974
643984
662489
18584
16891
17932
17578
215208
687253
617812
252462
553064
220263
684816
615412
230370
1190658
18783
29304
18745
16875
16847
17231
278749
255642
263005
17194
659488
867865
599993
300205
776509
20577
19599
17824
17961
18235
622678
18480
640129
419168
22427
17490
17550
17489
736294
651239
638129
682939
228451
697326
881695
639217
627398
978846
911762
848224
776477
328739
741707
397883
63484
60623
82174
58913
825499
790967
732725
714126
331425
358317
786821
389952
828087
299546
777026
895047
982650
941393
822907
823306
844721
314259
971967
899071
337032
355622
765641
327837
754894
865991
753679
795382
356015
56133
22471
21002
21090
24003
26433
21481
20879
22356
20826
20756
24925
43245
23097
27477
21821
22804
20854
22934
21548
21410
30170
25432
20938
33706
29978
21558
20679
59644
26240
33426
21272
21680
800329
33115
33866
21252
21058
23251
34075
33416
22172
25300
23268
832064
23624
21536
21458
21642
20823
21096
22417
23560
21537
25925
24200
22062
23268
26131
792976
26934
33188
315307
22003
30419
22092
819677
835534
841328
760859
70594
821730
57297
896196
1131568
1095118
943860
1033282
440753
475307
434047
477244
446715
449014
409973
100973
86305
75150
76691
78817
63041
80231
176181
98646
107210
96430
99411
83227
1141551
118278
829887
112878
91392
105750
84174
100029
1005539
855965
804800
868904
968422
951260
1008085
1080129
907708
931739
1051262
962455
889508
289311
758090
704826
735539
759184
706590
714694
892969
790010
775724
775286
784379
951453
853865
1137021
789221
773790
842610
781152
830808
779276
780033
751289
780450
799976
817281
763811
839187
760714
768131
792277
811718
791859
783774
774993
748788
725867
892786
746937
706011
788276
715708
767487
751649
727977
750836
721172
738332
712334
746141
849967
782325
771874
766561
794543
777554
901373
807437
743810
802556
740485
754509
849107
803437
727120
732420
851315
822907
913140
825153
884823
820173
835929
811993
775792
812258
823492
802267
773741
337732
1135037
63689
827766
848412
342700
413638
840185
348185
773383
768727
68392
1381933
1158449
1115576
83719
78554
1328916
419521
1196643
1041921
79004
956048
1052696
1043961
1015082
79333
74233
962019
1439164
1541237
1269476
1244678
1365119
1244974
1507214
633516
187337
182986
87698
166938
131607
183197
209961
108475
162230
175012
164654
168824
1405432
1449189
2027983
2257053
2990734
1949716
1221404
1460827
1508245
608631
3553498
1328469
1138789
72328
39708
75230
54057
61282
51152
1041921
1257487
2048993
520241
529243
529801
477349
1053567
505437
472313
728200
500291
453980
357772
404257
1060194
413488
1712275
404161
1015998
338686
888997
888309
454351
6608
968868
877026
781350
5980
5221
887678
1102376
868904
893593
870558
494054
467260
1098626
1015137
1009305
62951
51557
48234
55815
79049
42143
48565
68720
46503
41086
39641
38096
38012
70508
437207
420859
421105
348908
2299067
1106181
1078681
985297
1229413
600885
638312
589041
1228862
799523
759190
761107
771085
806098
407906
106354
98840
934819
3714414
790434
1400555
998715
832035
960326
921552
791550
806480
884787
851666
851739
785997
820507
825879
787152
717931
703724
612260
268452
693038
1043564
638619
649635
224784
571587
617090
226543
590765
294561
652602
66095
681147
558651
613301
724812
672988
629499
308890
263342
259583
688940
661710
641719
638750
691850
648569
682889
258600
662397
619134
275606
610996
608908
252154
580069
256500
242953
277464
281310
224574
222485
749256
686658
271657
680754
478708
277275
594664
245578
625080
638346
732635
640606
625115
623856
602117
779538
301712
828746
854376
871137
800905
818389
882785
747296
803588
941387
769078
839040
798319
916585
802386
901558
849842
516640
327434
315275
342107
234158
17940
244139
295042
706487
248878
351357
240329
748584
596950
250219
642390
619755
615535
624486
637102
587054
656723
740722
615091
658356
609107
765606
616668
639438
595308
594333
274903
710180
637055
630083
573072
572670
565748
581002
603123
657952
614249
572958
757186
630394
900080
790403
606591
570828
575464
563597
555492
575404
901237
743589
860179
700306
1091221
878275
1038600
786042
581960
560869
542242
541999
586339
551806
558334
618331
562677
609873
591946
542218
568350
576288
583129
575572
622312
583657
553444
594093
616668
713159
786324
758351
565543
968819
1729042
1949259
1881495
1312772
642300
616365
832407
740646
653946
666004
591278
248256
657221
647852
249197
649640
634632
610133
644948
126793
602424
657113
579197
594412
578066
607690
231617
566294
576910
620314
590604
373926
571566
625588
617366
589972
603299
607422
609087
614171
231126
626490
585015
603841
223783
261730
253766
276402
769822
369350
690715
644816
669160
682086
670793
686035
667011
660876
66542
763791
640507
656807
642860
639606
371794
669129
655327
257463
400257
528981
371431
642337
597781
383479
376996
370020
371146
835974
240815
849709
855534
363681
861678
886144
865233
879830
935152
162154
382211
896255
913967
