1390189
774291
16761658
28490235
948358
859862
209978
225703
155452
13696906
206195
262814
207712
4710997
219188
6284935
339940
267546
17769714
169458
200296
174054
564773
337644
749936
324726
141971
301850
224644
238289
167704
237934
164878
189041
18284394
533081
204108
146219
349134
676355
408013
1016586
366331
165570
187421
184077
212760
166791
229306
343432
677820
7788703
3071909
1298827
6562419
7715562
14496142
728054
8554643
617671
384790
484900
492436
594025
587450
634558
555314
369217
423773
580946
348247
442557
751462
707844
881386
415516
535514
400121
509451
728968
619275
896010
312558
309944
393124
852605
386580
442014
500048
504463
929037
855960
385849
369155
838342
673504
429705
517484
608855
562122
476584
408911
719077
360507
664802
402811
447496
469799
680467
280697
715741
377360
343791
561223
596431
281263
370920
570577
407613
416658
352381
509387
270225
707361
365449
306431
533680
665137
406060
604368
346673
461672
455050
621458
461510
488955
594177
605000
403442
616688
774875
326955
614522
374468
559839
621780
598563
494053
319753
419858
378688
388113
522252
614096
575478
406823
542884
397891
522370
496140
701958
422623
951585
736358
434226
537927
334730
672557
374263
508861
331516
533157
405200
500368
400219
498671
517740
535549
367639
473526
525144
522884
554579
490803
386702
641922
505376
564014
331406
618219
436533
427724
577620
335395
523517
483074
508236
536675
460678
518985
650983
340220
402943
390177
481258
592204
438355
523490
261195
304642
418582
527026
697531
409248
542301
414659
797461
589407
423834
324330
437971
442050
343715
548465
355864
588349
713906
657452
675332
528450
619709
499367
583754
373904
335910
601433
564036
363834
639943
347761
847164
487011
320113
478329
492991
725294
457827
287066
350850
356871
379110
270184
388418
537301
285031
571029
478077
338123
227098
4745346
329166
274288
565290
682539
525024
521409
504698
331406
11564589
1656773
248917
159266
287643
312459
2414013
4905593
11343491
9109553
2591658
860836
2935761
335849
338310
269965
307610
540577
343346
332013
256755
289052
241191
335221
308660
239179
299165
503967
331853
291821
277218
244541
534006
243151
196683
410718
151768
149373
519811
232032
155227
5310987
284903
256463
318315
6138486
13876141
167985
230081
266035
186487
292434
173184
341786
361545
455050
1390098
196049
221138
266287
285525
197075
239153
280785
363885
248080
297102
156285
582756
3108009
241615
841539
372140
223729
191234
250399
257514
406747
548773
203668
323616
306059
314946
185231
149874
284446
220689
204478
28789683
1025837
224951
242641
477423
8753305
3334738
6668886
738498
391986
7835237
23080567
1200096
154569
766644
203068
1346437
676393
243101
235050
16605674
263835
437245
187962
488066
330775
675514
222941
243142
190651
178290
191656
211571
162583
178025
156651
241068
201191
149447
217899
155852
218878
169807
223583
198015
180278
209659
199506
175994
302182
230087
177855
206606
214870
279846
183960
209478
165732
199106
523631
333967
214974
162998
204606
3977297
277094
252448
311971
298951
380482
252339
285520
295598
179836
170615
190876
158813
165864
166536
186940
188876
180659
215017
169948
2260478
367664
8018405
361166
1043158
180995
3005373
242906
328974
283875
279697
245592
234929
419640
201721
237356
179041
154521
164259
161334
11026036
502746
478668
194625
1795310
14117785
638804
2476723
258180
265965
224673
269155
238559
201167
212439
171229
221349
260327
191349
186732
184664
201897
190648
300631
203823
273258
338210
251040
197875
180045
181413
175185
181007
191642
198429
269638
1119175
197326
214532
188926
178406
170730
191821
193031
385157
263137
188909
3008177
212202
210473
157983
170769
184385
183480
206485
207697
188235
182266
220039
176089
4291331
5361795
2047969
248536
280157
319129
438330
318156
287815
273935
303052
417954
307948
286398
295867
289256
355326
5533040
624771
251403
262287
257265
318144
323294
312458
265764
299388
289964
295386
367677
355370
275732
350658
299220
293316
291416
289947
260488
290533
261838
275218
306030
368188
310140
265360
276473
351168
268829
299654
279278
271122
247892
302225
337031
289876
248076
252786
235029
233382
257466
231176
279278
236161
232728
403958
337039
275196
256649
274018
269090
221719
422092
437069
228539
282358
284480
249308
231095
237735
265705
258930
219772
343659
350901
305625
253643
298213
339228
314747
287691
262097
281449
254910
258951
313725
503909
547699
395300
505814
274278
364243
272607
254720
253912
340403
311459
244238
328483
293227
260539
279182
313044
272777
432295
241497
333065
274320
250858
478077
352211
349975
278956
310410
263098
245024
281266
280122
236178
234547
251757
258341
229178
338691
263551
231406
270737
320255
246615
261512
253956
223149
266183
298741
283956
271576
266370
450882
556638
896241
334268
392166
399002
490550
278235
237671
330282
272274
264432
7518338
3636439
2914261
257784
2438386
343318
206985
197781
331709
447497
291105
220187
190483
221146
328437
202361
254332
246503
283364
229840
12461147
341322
316482
7271147
973366
261677
173303
276404
212256
404986
357363
219843
267427
194086
199616
160384
160885
2817738
228500
1542104
202615
174328
163233
188083
268181
186367
218825
189705
174439
256427
174347
172592
209698
177048
174268
163570
165321
188786
168157
203472
184249
197166
184502
206054
210624
171009
160484
167842
174218
214134
170770
181028
175228
166661
177126
201602
407967
204913
177640
183385
175548
209779
193480
193466
221570
202559
184028
174012
211791
156509
162735
264680
185593
178238
193825
169838
207932
171383
223901
197116
182363
197994
166169
190479
248598
377819
274499
180729
166493
194657
238245
305373
386653
187705
162779
240862
193983
183952
341426
199164
201800
174944
176046
198022
156040
207886
226841
190488
195948
189046
274522
189991
182343
207833
211657
183151
180750
186969
188802
186746
169524
335594
194692
182793
217969
229579
196242
544958
168966
182688
220368
275238
185510
333598
186262
177160
183511
183383
183157
218340
177924
247049
210018
171030
249702
149325
132194
141304
186084
168933
158402
144258
542759
180645
2226334
3252982
175724
912171
868116
912931
1060918
367535
181432
206963
173031
185107
210261
222879
306512
189088
259814
161068
206563
158804
264555
183965
179817
189070
167019
207496
435229
384542
241704
229587
204716
191759
215473
178818
187890
232712
198542
196024
238086
202900
219767
211364
187427
190540
148451
196017
170260
170663
192224
173865
160972
177525
179188
202775
156416
159709
184979
316831
221577
151816
1057275
270132
167516
1697133
4331900
3738109
164663
347502
252517
180685
212481
209810
161613
169823
231693
183223
187610
168570
185196
234009
238209
206241
208504
205445
189361
175408
234957
163621
192025
222922
164218
207336
171040
176659
172330
176017
178256
176727
188275
230936
182462
170608
186518
215596
278418
179552
425024
212724
196946
168767
250865
230551
214697
173340
185096
338703
261570
241341
212279
184494
218816
180410
203224
193151
540687
667511
478106
420364
476390
638779
471439
365243
239832
202494
207445
200424
264459
181587
216241
244789
217200
222528
188058
174326
240334
206342
205163
200297
189691
254181
209733
238960
234208
225478
225560
230441
187257
257878
207645
222430
191545
2741526
2500987
2490659
267677
2508049
2518132
2456346
2389765
2417125
2393877
2507194
2480384
2433096
2452367
2424509
2443002
2466333
2597855
2492474
2537017
2371359
2415422
2432755
2445997
205753
164132
210855
182418
179539
191094
156782
165456
179994
207991
190756
214129
211360
197603
204475
209620
206320
191891
159744
179579
224748
201249
355507
422628
273227
303388
321652
280658
255935
278481
259309
250362
271418
247131
253220
229526
246641
247711
243685
257292
371382
230853
329714
282291
272831
1007360
913018
927003
936674
936047
970296
955446
997960
886415
971210
785491
895614
869184
817957
190022
209582
208552
189079
179085
316636
280222
188303
1680636
299728
450887
374524
370833
218380
193932
212300
330606
190039
211145
390874
942597
720603
963211
559452
724328
842968
234454
247473
866423
741600
380903
470267
248907
176056
200941
222664
233816
197377
187698
184263
217586
252443
218364
870292
195691
394743
171789
510770
152134
159355
311668
458680
533276
366974
307287
302295
300952
302573
322145
343166
294088
334806
398834
313743
409078
170576
962738
312458
219154
268555
240754
226976
215340
263391
205132
231389
243177
344306
219123
234734
228529
250796
235058
230699
214326
340578
234433
284327
198377
197087
270708
229366
217517
223860
236142
185568
185883
208561
229514
197599
222959
195810
190879
197615
186842
334983
218546
245267
191206
266910
299272
266986
290054
209631
193590
257570
195302
227379
246900
183920
204143
202581
310134
214593
507894
357449
214858
226857
306708
268075
259105
273370
220295
219752
223039
202331
196965
275406
232866
199612
207777
207541
229043
212080
213139
222684
260549
222349
254420
342935
367888
234745
230671
209058
260898
225858
230206
241024
232079
216921
249686
191611
235020
193231
194532
223748
258515
283026
240892
216644
211934
212702
362618
478571
218173
223947
283644
239085
278206
223480
298843
293439
248515
197299
312605
217559
191114
170332
162625
190424
191802
181991
186267
181258
178726
172431
172393
484977
321176
177244
338176
249912
424387
168617
278440
740632
759926
488964
471025
446163
476246
267173
231997
155856
2843296
200392
252593
218880
233492
277420
486128
154471
174649
179876
220330
173595
176349
199401
189548
183415
163981
198076
155217
219200
159156
164802
166615
163177
166219
148677
164893
164562
365556
172572
190473
180110
195993
166317
260817
279059
171292
451205
205587
244307
261591
481786
494884
220469
211656
489576
416869
1317074
1127732
1177521
228445
167617
358299
330062
238457
285573
284753
346837
234334
848953
672732
3098619
303561
272139
202233
181310
460160
3870011
330517
233653
151495
158724
132665
201301
437617
154113
167864
146620
235545
140561
178387
198451
200152
153514
255448
183356
166013
169484
152864
151055
169950
163779
180677
172983
184403
161804
267626
203303
285743
188459
188285
183638
162452
200328
173759
173907
273895
172031
159915
206967
277732
164423
156810
620011
472898
523870
615137
1536828
765082
831928
171949
204579
160557
153458
167679
342452
246643
153398
196731
188414
173935
181464
199464
160176
169634
303919
169449
230089
191758
454433
779743
380967
161215
149470
160408
288324
260999
203320
215865
170945
172237
1072279
160134
176162
503168
363152
496115
826292
762304
1342305
1628169
1330729
844296
1908864
12305672
259104
468623
1496350
237336
200435
163930
221222
154044
158569
196807
152407
268332
157201
151877
193488
160658
147127
227420
251362
207556
268284
246866
254102
264302
229667
284088
1786286
2578354
2579155
2599585
2537088
2586255
151244
251218
165198
168058
168424
485891
218295
236480
189484
179434
173647
195987
164224
219202
220294
294064
172167
177916
168254
245824
179929
214826
163508
154616
198574
177661
195502
206581
159027
191717
228124
165570
161959
168366
172398
219328
179629
185922
177523
201312
184527
156896
266909
274990
284259
167340
181029
185283
192785
173481
157132
191966
180874
325504
175503
222391
180482
177051
174496
184436
259094
191916
185332
227135
780975
592068
265222
268482
225234
223895
217812
196717
214171
214808
195355
202998
228424
241512
378000
245479
183902
183635
231767
226635
234010
209122
194286
221469
211031
194025
189461
154723
159738
168942
159065
158274
201012
158760
307505
154217
150709
232882
180111
160077
170106
161018
175779
196094
144563
213541
172949
145060
161107
149408
147607
186766
174898
230373
162662
170508
151158
166217
196267
149574
198246
149836
149642
194011
255279
241094
169125
171187
178036
153495
160280
180461
184644
158206
256790
138406
196919
134988
145572
157395
218833
168594
148085
178788
167132
136484
154385
156850
167291
142418
165434
154956
424552
204007
211159
191935
161942
216496
161698
439986
315374
340205
319163
342701
336862
231577
173603
193476
198632
232272
199815
216565
301889
200739
228810
232775
189833
200271
184962
196011
186529
192104
213860
398111
212311
187391
236903
173056
203329
219392
336788
211279
191022
237047
193313
277855
465724
207622
232645
192511
194057
207870
176407
219495
307508
219227
182994
212786
204393
196545
232578
231517
204941
240457
207182
206223
217080
202469
208730
202688
174912
252685
229797
208339
179824
164961
241752
170693
172833
226305
212384
223329
153893
170248
203987
178190
163641
140838
139301
172110
130853
150309
148657
153251
144592
291845
152132
167092
146409
212299
147759
174375
159841
150849
185989
182029
159961
190615
154421
160589
157401
177763
147606
151685
158006
167137
144948
158312
134662
150039
205379
145893
139309
158609
188464
148061
137880
132556
145039
812699
134245
156324
147723
146846
157237
161336
440083
433670
432505
351848
430098
259860
257877
256104
1127648
307017
312335
264354
272116
263335
274050
335868
318593
266526
366319
280624
295530
195245
188322
218192
250701
209798
229451
219123
212001
203444
240593
227969
221129
240703
194535
213551
323668
4045474
2467784
2499199
2456590
2459113
292149
158715
190467
168226
175251
147846
160938
242854
162565
172149
180692
168821
454911
362774
293707
460219
334914
314698
271587
172437
181912
166257
173703
162786
152049
200552
161096
192152
168231
250253
181379
186844
154020
174899
167204
147306
235219
205096
158040
133619
246008
193445
183037
137455
174513
159970
168721
166653
182762
544479
1344500
1248804
242286
239546
177517
209463
208642
153617
159328
268940
198433
287167
214656
236972
190237
186445
197592
201829
201840
275271
220520
206314
202745
210339
208876
193464
207829
220862
243048
245022
206043
192949
252203
188574
220740
215538
275988
210508
391912
336364
217095
215193
205691
201657
231365
215654
199810
200772
290271
221596
205260
207440
285641
333594
271089
282039
263766
259486
263610
262512
680661
415487
520563
974998
307986
317202
350232
365813
255534
243321
3913685
274923
227742
299252
194304
203501
219083
317868
350497
225589
203228
242489
206279
290609
256158
237449
219219
189479
222126
327429
215731
225358
234560
257646
330295
204651
229342
202734
295071
304199
212007
225887
197723
198991
216060
211004
243341
222558
209757
222631
225575
277864
211821
319193
216205
247816
239461
190840
257727
237733
269326
228647
261429
322131
203405
219058
226821
213487
203485
194060
238368
291413
335721
298574
250745
204460
207855
194345
288996
249551
185475
245433
199386
214450
205056
222437
197319
215158
198721
214118
212901
244531
194795
202336
246237
245751
225549
243646
247352
210663
213826
204577
197254
220477
191701
156078
135728
233934
239533
197085
200968
152233
187604
267215
197178
236652
205749
256462
240533
141657
139724
202005
294307
381411
239769
191943
218132
219105
194894
206223
198270
199403
197148
298614
257250
216058
219232
238282
194822
212398
328300
281672
273187
245575
253481
286025
289048
280255
378658
203748
539602
257628
150208
170001
365045
277398
261217
272344
289167
253049
252245
282964
309220
291926
230169
259180
419552
279469
245756
305929
266229
478690
179396
174744
157815
144488
174667
132587
141385
139128
129338
143980
233179
160596
149576
192332
146176
159127
184884
144921
152619
146002
192999
149684
161913
163842
173005
155384
160059
178070
154833
173092
172578
950309
179473
190510
168515
154313
154044
155265
164860
146473
164299
248564
167719
182626
175737
162486
162963
164757
172743
153024
239055
182872
338729
172769
206119
757797
247849
178240
241406
175125
149640
181362
169941
149924
168614
171631
349044
193558
214349
150874
1161042
207546
2688798
2596769
2612774
2608825
2614313
149351
165184
183600
176580
154873
200396
145945
149082
181257
188103
169841
177621
158447
185448
176492
194210
345818
213283
164146
198897
172520
168117
210860
2599856
2669934
2551145
2483245
2458928
2407827
2451562
2532975
2498494
201635
150224
171045
187376
259116
148081
151600
192967
170031
165975
220363
174447
185104
204684
170272
169070
180431
194872
189213
171657
182799
182685
178839
183513
172700
211961
160305
189358
312222
217585
178409
158570
219264
166623
199537
191985
207923
172283
169427
224232
198926
169770
239429
161520
175473
180519
194348
178703
201469
199319
282067
508252
163524
155399
157917
183714
170756
166478
177674
174019
198227
160800
299275
201359
186449
163615
199143
172963
216978
207708
175660
188375
192934
200513
336997
204930
207109
248702
241941
336990
254834
216567
888578
505000
377392
392930
543469
506232
267607
1011395
298415
297432
169736
180971
155075
150008
163041
880459
395969
372680
166544
176869
145905
316871
248323
263653
300822
207138
241649
217086
207066
383835
235020
231013
270790
273451
225437
260588
227411
223036
156239
157572
159010
195658
330739
220365
307356
293870
271529
219828
216686
237288
778496
270728
258609
224690
985179
770095
171782
182091
145749
201748
233675
162318
142669
296143
192555
589718
265328
213411
321303
250109
282290
250389
212697
255474
300002
228250
229559
262710
233279
220228
337937
258899
257551
238075
260129
280143
236586
216799
262041
238670
270376
253687
219567
217428
216577
213864
237063
243931
203789
219631
229582
236617
205858
676117
243359
217705
206548
228134
218868
258361
221919
224364
310247
333229
231793
226756
212205
229865
266660
234687
247500
229752
236669
217486
229774
298843
512719
223690
207442
184086
277798
192870
159394
228547
174749
160287
163550
190321
177330
180771
175803
243876
1235206
180036
144367
149110
144252
183909
182558
152175
456897
313777
149267
204126
174003
169768
170454
156300
164844
180634
165050
175406
187311
207822
219320
173570
1352945
149892
144242
766412
1668906
294998
185267
196012
169519
196290
236344
506354
172127
192403
200421
226161
169959
153269
156532
158601
264846
175573
171959
160601
144966
205124
182457
158400
187612
215983
210890
170742
152250
180461
142521
159997
159049
219364
297655
217829
175912
206685
267124
159425
190140
178661
168993
159498
178970
172382
158795
159153
175540
159730
156249
168943
155345
200003
143427
174885
227670
157933
175637
155823
245960
163846
170902
206584
198671
198605
154362
184158
158720
248516
176739
165880
219277
164692
160145
208706
176288
191059
171681
157645
154272
223949
159173
159601
142430
159920
226626
170387
205320
141882
170153
174986
172636
326426
201969
135827
162021
167639
191101
182975
249994
161596
238609
208649
208716
186773
254107
184225
154268
194965
206063
165669
151002
184768
205985
238256
199333
178830
173630
186632
188912
187786
167464
201264
167119
186897
224214
162223
141525
198321
272002
182204
171830
151406
189688
167823
205284
181521
202124
168985
208320
166709
210788
286553
172157
177533
224342
189365
168802
162969
154966
193253
150703
230803
238501
331361
147820
165229
140693
182290
170264
240852
810089
168236
147438
180903
138590
200826
153317
189200
188371
150976
196180
151665
183351
182213
193741
178532
151480
176929
216258
156320
193079
155171
161380
161922
217953
248536
159443
152906
140201
155009
159068
283665
149587
171063
165191
152707
189548
142752
177020
162143
179562
170730
165862
153394
153856
161075
175119
159868
180872
166199
168478
152343
176592
190458
181454
150785
178957
178680
167821
154520
191682
249784
175237
206599
170844
149591
166698
968165
698206
681680
165779
234041
248325
189290
182930
175796
177253
213803
181024
189146
165609
155002
155218
153220
221865
166604
225201
214683
141874
185102
164043
264233
150773
170520
182642
159618
219704
154157
182681
142735
249506
196860
147463
153404
149647
171537
168655
510996
349624
171078
169858
242258
151814
227445
161162
144686
146538
156258
195394
201376
145323
186784
160391
146381
313529
192229
271881
232135
184575
191490
164775
158909
164084
178484
161356
242777
154564
165143
162786
270308
183232
152284
231915
165993
166606
156958
185523
150995
181395
256019
221143
153640
161868
192725
210015
328547
150601
190331
153358
148534
144229
161351
151675
192431
183428
456021
161305
190297
172303
156469
158053
145682
181670
221383
247743
312371
240605
181665
193929
162182
235528
172158
201926
222674
156598
210901
206722
175617
165563
163289
241637
179081
178849
164014
177898
158195
199524
172879
188924
174309
179997
184181
191768
178576
153618
256626
153856
155613
184259
220554
2815802
230270
204325
177226
184648
184051
186483
244378
183460
176767
171811
174490
198447
183763
213603
195279
173233
167164
190007
191007
187851
797775
632766
154268
155770
157016
171584
163935
158577
321641
316776
194526
248374
223375
203515
239348
186945
233047
326074
182594
241944
177541
195788
181286
210412
184005
158238
141325
142836
384039
4508046
195076
190048
167186
171547
168948
200127
165183
164018
180201
227297
201257
188082
163239
172603
175025
179591
323519
189394
166160
165538
168128
273290
260749
182200
216990
170512
205168
184015
186534
208013
171716
181632
156854
163124
175849
186299
174338
165032
181979
204575
168137
208246
177191
429311
241846
161072
199772
197910
135660
189944
189072
244259
200028
181434
178562
174586
214770
179834
169416
210952
170521
261739
170821
208553
161066
325184
179128
164115
170791
167343
256244
194621
196604
227975
190127
210802
176355
176548
170446
164372
164705
225124
225790
199925
181211
175707
298955
335033
288374
161712
331534
176352
175219
1384610
1180256
188421
261210
206580
209977
179075
195398
188263
173677
281003
198301
191189
182961
233595
202310
196571
195289
183494
202282
183708
177986
196684
240393
226920
174698
156803
196262
163079
196869
150441
300412
188134
154472
191478
167814
169007
172336
189003
151124
166131
212185
205896
176873
190971
184351
159671
187055
183076
164392
172646
180134
183373
172879
191220
171086
210983
164851
155974
163078
351743
172929
254088
180803
192008
210940
155989
183586
164461
184446
155945
234664
167734
222510
461532
426523
200582
168334
178533
1331010
1113042
998278
1163395
1051734
993538
1102335
1030232
986659
1051585
1003326
1077137
1030324
1039995
1227264
1052485
1124583
1050047
1030908
1058759
975248
1074011
1193331
1048382
1021583
1128334
1340352
1089149
184070
204193
165134
276968
260298
178443
4107373
2856505
2739290
165776
164498
193326
212995
167139
172400
175788
212975
190295
161365
189357
161040
470510
174283
229187
236779
199685
226434
163487
195306
206672
185538
183566
184888
165845
158289
170259
209324
199375
255047
218733
232535
280573
183105
169809
162138
237009
182218
188353
223843
211800
182773
186834
191387
197217
308941
191857
203021
163479
234740
204948
157284
209541
192098
183812
184355
276186
207908
194674
166405
175497
184255
175213
156653
185305
165568
166488
225331
151836
160615
166613
146492
173201
214650
160509
183028
232727
183348
207671
156992
160551
158953
183585
203170
150120
165826
161657
200019
136066
159392
260922
200485
229716
197962
252551
190734
195026
191570
305429
182734
207272
285231
374180
208073
211182
178034
185614
181736
158516
258067
260263
268859
198099
256266
221152
187150
247262
261841
199690
190161
202895
229442
278074
222869
200033
249994
216146
294085
338477
189219
241772
203477
195068
190349
291277
290717
204486
194507
198522
194973
236524
230611
225546
198286
214849
266251
295138
217169
250542
227358
193060
199252
198570
198882
238383
187320
188376
151256
176698
178867
170810
186873
190886
203539
192041
185694
158155
150911
157179
202747
165001
198378
267062
194494
161566
157475
220277
201846
166402
166083
184634
174193
163558
166199
184686
157348
204014
145552
152997
239455
159703
142971
248478
182915
188913
352100
226751
244656
226870
240763
241459
239813
223991
156673
