424249
234901
251609
356788
225312
266337
286319
902599
176979
260347
30892425
2269675
286734
247388
482964
312871
537910
748186
475881
275642
1610012
2031363
17254115
1423641
312422
214228
192232
251734
1725181
801930
2352033
958934
3067956
1719378
3311120
26402360
22384443
52147530
2029939
2111515
304912
1277969
15983346
858550
19772807
16498375
14496406
21441356
29823936
17367
637516
287332
196255
440883
282479
181904
9072
62264369
5107118
9335386
207783
244320
6497964
10256003
7602017
720278
1019655
1331173
1157919
4445688
613507
875393
668115
817867
694793
1347410
19134361
507504
462381
259812
180404
248773
197851
158809
214652
265946
364386
282184
221712
174872
285108
99649471
9906
191042
261529
3577730
2235911
210824
10297307
296004
728038
611375
511767
245656
304364
570182
764939
708983
188455
2131906
4679
17767000
2726805
2695722
2578110
2621088
2869917
2278309
2581273
2704474
2695906
2991097
1318782
1604953
1850021
1795990
10567
2073482
236065
16788643
555078
409051
2103070
538144
485202
1101772
203110
1664802
176992
7437
195303
229435
1166754
2062694
147472
137663
279243
162855
147474
158902
162091
250088
147657
150975
144915
6189552
257424
176506
149307
2570845
1976841
1978075
1967563
1982039
1950817
2137435
2386699
2173855
146016
236320
147728
241249
199581
149373
149618
167509
148208
147187
142223
143841
152651
147736
178090
149068
173374
148167
147906
141364
146434
155487
3118042
4055728
221120
277356
146003
149504
147362
153546
255646
145775
145694
152813
150970
149529
148201
214950
146556
253254
211021
239419
225219
134565
141436
365689
136700
136701
149536
133851
157574
137521
136706
713189
270813
157634
170501
162105
191325
221519
134449
139501
137360
142503
138803
146010
140390
136403
250836
134124
142177
140690
242392
156770
147714
145854
229396
3491980
236185
135112
238867
240444
207398
150435
153355
2611219
11833576
271333
12765
3451997
2614014
245321
248924
249149
1982068
172382
146595
140995
147452
147980
149898
160156
147228
133229
150879
151013
13406030
145739
147127
158806
213237
131729
141567
239369
255150
243677
177268
242076
149124
387778
432498
338533
576359
611493
413749
307377
372464
314153
203598
244262
1051584
806807
518634
648343
519295
261218
169923
136399
141726
140333
142955
143987
137463
158257
174772
212018
161264
174080
268306
153679
150463
255934
2572857
4172289646
2802368
2117088
4017316
278487
4820178
8211626
4781870
4375414
234822
1022817
280679
308383
168678
137656
148293
141771
256862
198828
149079
150118
139202
146168
754156
264792
212399
769494
411474
406415
250431
879468
447982
2250718
154784
144468
3360231
3395343
3297519
150018
17876
137229
261555
155194
146967
149990
144323
144962
153806
150693
149703
153656
3338085
185510
174520
163152
247515
279471
181084
154431
153564
144676
148215
194457
2520308
147677
284009
230544
161788
2912282
307248
303230
310477
160514
308422
165813
145420
2615356
141451
147111
142825
145024
146374
233657
139659
133925
157585
138543
14992
2622786
136376
227725
191201
162508
241894
152458
272198
190989
148204
182291
2569443
10373
873765
180632
247049
153404
145316
170393
148433
154191
148474
152670
149107
150530
153593
156717
152350
147053
145219
152996
141309
178837
167549
155152
146088
157140
153100
245151
144579
133759
252254
145964
278585
205877
178948
196270
172804
168610
196694
179017
165033
170067
163251
176633
174317
334879
2890521
318323
203982
223874
205305
187612
252803
158632
290482
163349
168296
164390
181464
173933
167139
169800
167893
182610
165861
178062
169049
172227
298260
175959
154494
196465
170162
172901
177196
164648
167564
178113
161011
193158
179066
136570
2665794
467506
149050
152228
147889
161394
144301
151812
278206
148250
3528658
164042
296861
185349
163284
155164
2555270
2657385
2268062
2405535
2136054
3341326
1989969
1982036
2634281
1983035
1976050
2082503
2157019
160721
147147
139225
182887
149238
148208
249279
253066
156427
251113
231096
260622
150145
148452
186859
153824
140813
149195
165439
139805
139502
142387
148517
136142
4635905
172523
163630
144043
137291
139467
145683
139531
144050
144906
141973
141951
136306
157115
144797
133287
137743
146303
141226
152702
138175
150149
131560
148710
140698
142827
147426
146966
139616
146660
140485
167184
145508
137046
147738
135694
147049
144365
132074
145850
145845
137408
144463
146510
134611
139801
142971
145178
160253
169204
172855
152339
136289
166421
134777
133426
136665
2643815
254627
2114210
2020516
1973292
245129
146147
275391
200738
2835815
522330
2938814
230792
4119
258679
146427
139458
147006
140575
149094
146641
153920
146135
145864
142686
140717
144841
144195
189265
149208
141086
147815
148206
139056
134399
143183
151628
147042
136318
149526
165726
146535
173636
149031
140467
149571
149119
144179
148013
142780
142184
148886
147020
145845
145079
148363
152732
141898
160516
154203
146610
141195
148654
147366
161021
142292
246433
160441
245511
150910
149074
143408
147096
146289
150002
147308
149860
146910
140174
163236
154698
159136
145873
152297
145328
136558
152430
139811
149276
145926
137000
140363
149978
151371
141513
138026
145541
156121
155745
151323
147421
147192
144241
147388
147660
147099
148895
154554
286145
4303
593430
184527
180391
203671
178934
195538
892656
247820
173027
149649
178556
152617
139942
202910
153782
153851
175884
292295
322591
251196
141693
963379
522982
6616772
5007455
972967
522510
168443
252571
144111
138447
140543
142218
137194
138813
137538
142033
139449
851063
533213
143112
159583
869647
587811
477615
457249
450375
483174
453747
459901
635223
462646
462636
488297
470890
475141
654797
460291
467543
460256
458210
639363
480849
494565
468614
469096
454593
452172
481507
761974
473475
563572
1025777
530991
468475
463507
470782
518514
551034
466175
466525
449558
461670
465235
457117
480146
464032
461723
572314
535101
469422
474330
461754
490112
447043
450961
452601
457987
462149
457487
473789
463467
469166
462128
500457
453696
452188
483013
546937
1102973
536992
490803
465645
487327
462487
472580
467737
560989
901346
473259
157548
2650457
498178
282827
288442
160026
558160
155186
18547
2281404
270403
221566
155777
155802
154523
153521
144134
142491
146026
144690
138652
141675
150029
142482
147299
146913
156059
143292
144223
145547
251895
150151
149644
136035
150917
163545
141920
140832
146959
145571
157648
152022
147759
319518
138946
140724
287227
138671
136987
164829
144935
146454
141203
139896
138364
137918
140795
145427
141745
144454
144106
142256
137649
139867
141235
144475
142797
141135
139762
139597
138797
142153
138298
857171
276612
278803
142513
163956
261745
282549
149756
141543
147541
155571
261611
139185
257344
148139
135375
159491
194375
140170
238985
134738
250036
184365
137730
148615
154707
284697
142967
144060
148299
136498
145458
136592
153898
138877
147625
152050
147635
147224
151516
149503
150991
145745
143175
143851
153516
146074
140625
228196
137449
144028
181900
148486
234664
10585
146516
912362
149779
2678316
530206
260081
911440
188095
159768
150978
197699
149289
137283
153269
155681
3882
157172
268887
2639556
147365
144360
169478
167299
880632
282427
400616
279156
360767
277015
172589
175415
184516
5133
6199
279238
179249
165145
173507
169101
1636728
1518649
1215873
139472
886346
894302
137668
138485
905318
447263
432846
266214
271446
