596029
758642
825790
672482
698917
694101
1037750
814547
632763
482142
838248
371473
562067383
393794
331862
10298814
411603
359777
310892
350776
431067
337953
351524
572633
992586
1311248
613934723
668662
2122133470
2396917
1966770
490020
449463
424369
448334
541303
754758
757985
456684
746515
1073085
1015427
1098847
503817
799743
1844439
2313129
72394071
3022604
4309933
76829077
1070119992
1292141087
1593025787
5763893
5456137572
5876180084
6072766232
5080160
4806815029
3744954
3349781
4304180
3184333537
4375023
12238193968
4976161580
5050281192
2936356
1931482
1227091
5196662230
2599511884
15785014830
545017957
15576268041
15492434130
15503568366
15677320532
15977745165
14133829379
736477468
2077405
16332775877
16301026020
15733745934
16304925730
16375522246
15642492350
15792783312
15378098033
16435522726
16446627470
16490910187
846190
15956400170
15977939981
15997119043
16457316305
16623517833
15984607257
15997232295
16670737258
15899280605
1317193
781035
580339
402661
846651
715024
1228529
2451945
1536550
1211736
2150544
6923814
2039497
1351157
1120031
1270502
225068550
302137784
206829429
232108573
2277768
22056154559
32038586
2847264089
3500809705
2430468562
20312628178
42457
10916
26465
9454
9965
10627
203433
44809
17432
48917
7648420299
1664947
888999
21635797
846930
509292
1378512
1084186
9114248
10176600
10786157
7707302
30796236457
30946133579
414436
32350653073
676520
918136
378800
688759
3173202031
1756516833
868406
692329
21649694803
47315
19637
12203
14194
13249
88076
1015271
744012
495299
800363
710369
751301
704238
488786
733337
647312
564092
995729
727501
617791
814039
1082228
989590
1079223
514282
1426807
2368655
513130
766036177
76436352
25322957
6747294692
8988736
5124539426
5776511982
5971808083
7017677351
7219809646
7209653443
6532700192
7395092642
7501311452
7489113348
7474891221
15099045
15396269
268359463
8654112749
8686196843
14326314
12038611
9908984
42246421
20916369
1243930
21546122
10454544810
915331
602356417
7836924582
15617941
5967446
4129663
2754321
1100302369
39709568
28077575
48858913
2908017
12260586726
1219960116
20891438
1729605769
470915
91413815
94838585
54913617
54914263
4504520600
98834
59634
117957
5187794
90204
47207
47626
48321
356437
354233
289115
362348
434122
524340
546891
878897
243880
482325
564302
573547
878746
1307244
894252
972074
387957
537342
497603
625622
5208346
12864594
417282
394214
317656
676592
336519
544268
371842
451523
465438
445084
21820155
43780386
289334
345107
550828
130149
64563
71820
71773
62624
98329
53636
44315
56235
90209
92542
75048
60275
77908
90506
114629
128538
799046796
628088
692187
541862
687923
592168
563414
711643
620425
936527
749478
81333281
74460177
63545529
24978568
3817981
583077
879333
869455
480177
477441
20263
158862
19883
269409262
11795776
292271238
237909213
359284919
354064232
28104316
7377861
297070443
958032
1943139796
2444266106
930722
3048873
449450
940104
774298
742430
564098
399345
688716
897493
892918
687713
628963
1519187
1409449
2055724
1137054
1175176
1537408
1785079
2490733
2843532
1863327
2158408
2532708
618750
792484
880140
917207
889719
1131907
1475265
1280663
1545156
1140035
1140277
1550657
1669872
1681835
1816633
2208366
9514654
2277561
10178188
2269896
2011368
1703427
1403724
1739402
1736223
721760
851164
878438
965179
2476344
1017742
643072
738873
528588
534465
527202
421142
711764
1166791
1172188
663801
3195795
1585224
1588466
938644
936628
1443858
1062520
985197
450341
449512
515133
364658
478361
719761
426560
362832
457197
652868
955117
1266238
9084120
413485
367113
396476
480867
519252
419668
420260
823335
385898
440757
67989450
679889
1905533
1331907656
1409260446
19474569
1404257213
35698057
1409617838
1898539055
2941783608
3005004531
3058394259
2068639
787839
1044233
464235
451690
2083095
2450865
2848056
2896770
2912163
4332714
876290
518869
900930
870176
705751
1054367
1341700
450380
665426
722409
660086
853607
798918
367532
373763
909309
815631
994367
725821
937158
1620359
769208
574965
673084
361690
1212144
1166232
1285147
362725
295013
364044
345288
622590
910234
936243
571705
782887
1084741
1085722
2298066
2564005
2769444
598388
343705
352405
338482
335812
326022
383038
375538
414676
427393
388816
420736
431331
541696
441066
453139
493899
1202291
1218520
1025023
1569758
977529
1246634
376879
602562
804624
709101
913581
805703
1269545
1332602
1416224
1367190
1255325
475626
1313503
359707
369574
306599
455335
376356
824827
940088
630770
1005647
665588
619735
548098
1049669
696179
1975683
2021102
2047837
577647
2141439
2435774
2863577
2626736
2738882
1289319
595701
611436
796238
1106871
927435
1081030
1340217
1211269
2795892
4558872
4550352
3121220
4415053
374986
571783
696370
720126
821604
989651
996677
1143821
448622
503551
650355
865203
789537
918979
857775
623382
487085
586938
649757
612852
594258
944551
1054986
474210
745124
1974635
1285740
907610
592889
519263
607169
1202733
1155851
1049660
1205114
847094
724903
1152234
753736
556186
327366
3945715
272212
328330
558694
1229163
840807
1263077
697145
743756
915940
667103
732857
484610
399538
369925
507236
1788063
659770
1513496
1564815
1571611
1598360
331977447
299664010
4855680
4825058
1733463
1715991
1766449
51878319
46881605
50407815
52749281
5485527
5565777
18091016
18284409
18826325
644585
727112
702075
711518
696401
725359
724721
828578
253480
279385
501805
503835
539033
568492
702918
501124
755488
489490
927439
246064
345628
350604
404165
443302
523470
612445
693257
698429
707598
537191
755705
703387
734585
1089834
1182280
972801
789377
953637
1027947
311973
386466
455562
481798
22826468
1297931
394250
881493
903298
901995
27133955
1076347
640298
1040711
8455100
6164709
1029406
2077893
1020895
268421
285220
350724
371652
443959
285995
206354
210926
474297
273080
261119
391011
488040
386213
267960
277084
319247
289983
266742
328477
295537
308332
304938
318532
322208
289714
294992
294385
311707
394208
396637
399202
336027
355543
401271
395400
431584
371290
339814
345207
543295
450988
548843
281720
360128
358782
221225
224427
424644
219524
362231
453800
581498
69382
61643
95130
147346
45192
119103
86770
184838
31267
37661
34044
36067
29798
32717
34335
47548
36608
36106
262855560
401536349
288453691
4156683
1276413
203726
208697
253040
255323
251001
259122
306810
319278
353148
385442
401374
447347
429788
432642
452586
523764
589936
605976
613631
627704
649534
754092
791059
893623
786319
860620
871075
901363
966264
934913
940557
1007521
969789
1021284
1032226
1082209
1129853
1118824
1173022
1130509
1180179
1190148
1189041
1362405
1351492
221947
1417849
1182963
1445443
1247760
1610743
1370182
157743
171573
211804
182954
225965
195344
201720
230601
250696
330322
374051
336711
436084
370350
362022
445581
537321
413285
407020
439248
437260
428863
470171
496109
526437
526768
588299
586499
653645
693061
749174
729223
734652
733083
746674
739545
739397
745001
753062
765919
895395
944599
946376
979247
1012292
1042277
1023403
1096797
1189820
1339678
63366782
37287685
25287106
5487181
2245027496
1098784
1115842
37567254
1278153
387194
446268
426020
464286
465564
474031
64714389
1955901
532406
515103
1018636
1220332
1273984
1983218
1655981
1801162
396600
464549
457259
637139
1045297
1157125
1162112
1240295
228228
356454
376594
413963
469759
515655
516077
557251
195339355
156595508
143664329
1089323754
4797470
1172633724
173205426
4740609
724977
752229
842400
3927803864
3931835670
204330
199583
199432
229525
217613
255815
251887
180071747
174828776
168405687
147050795
4253422
4244099
4324560
4339769
4276458
4244904
4377161
4457341
4393828
37833850
21387
13875
258247591
4454313
4546490
4515728
1510772
1807793
1513407
1580821
1644388
3339969
1905578
3486467
1982468400
515805579
529528021
4079044
4389765
892947
324010
294006
273367
398511
240411
320989
279362
388674
293595
222650
266312
815595
491332
383072
623004
649539
588627
953005
633918
580001
786727
363552
276891
619263
309278
262740
445096
324880
257505
337497
356500
429668
347439
405392
383775
529091
467719
320303
238781
297050
273886
259954
380879
438604
415670
264447
320483
340922
331825
278280
279239
274844
414966
424642
422073
265099
229739506
238622150
199694
211593
219456
234947
260742
258799
312840
351183
299784
307882
307180
341160
354582
365870
370139
386195
391424
400030
442465
428156
439895
491073
328014
242572
221351
7944578
2365487
7963566
796066
756157
758689
2568542
2542008
2595128
845304
951941
1800526
1869894
405618
435338
431205
434898
577870
632080
369675
451401
360184
440127
401945
431703
411343
538077
810324
14284520
22150129
24392556
12652205
1167570
1860733
2953560
1679871
637745
1350980
4235425148
4213281136
4163383383
4180773742
4295689859
4736639164
441271
2459602749
242770
310744
345832
266593
259273
1214702
190945
189616
192055
189789
187862
185235
184980
205724
198269
167706
175929
177716
176432
226057
197806
216040
290657
488508
301412
319075
371550
303792
311216
381550
432672
611561
969860
287396
699301
703772
869723
957971
1064465
1065913
1071502
1156439
1243641
3909367
7312644
69348492
6242278
3154472
9618327
12264404
5510751
10426518
5513719
8466089
5909236
6480325
277024491
601416
300882
311921
301704
310777
314512
327086
325908
330621
338243
346939
491892
354616
493590
535381
592213
630553
498863
656737
689511
802117
1119553
1110158
1412587
1485528
1513022
1730725
1704627
1686023
1788372
2004988
402177
394777
410944
427898
554889
597398
690636
638369
638384
660357
677832
676348
712001
698690
820630
1051002
1472252
1410775
1488699
1472629
1737534
1884205
2373531
2431577
2305662
2353206
551680
579858
718213
279628
325867
244206
239737
358385
361291
394498
418587
420114
553396
932352
900788
920270
1000671
1041737
1022567
1730209
1624250
210948
215480
242590
216032
243219
240535
243514
267394
258531
287632
239653
208814
250113
220276
227069
258816
283272
226708
312122
230583
233633
252015
184267
726158
387718
629126
1011462
1223766
743567
1308130
734688
1392644
1409686
778232
1490404
1658911
1677306
1710798
1746020
1869121
815436
989856
1056104
1027974
187460
276764
287552
296561
306484
360664
343985
360889
365108
375738
449682
428420
462565
463066
459284
538285
504661
523655
518421
544245
523430
280382
334803
301776
412474
342499
489904
541728
362413
419389
426383
427757
496709
497321
529563
340511
560625
367236
386215
571773
616484
373077
410636
430608
247505
486058
556097
532329
504261
543516
566567
605795
675451
540801
539821
574785
603032
537145
562955
658991
649776
747906
760733
571642
530706
555394
667739
655406
745256
538362
543511
639002
640341
174957
245458
252809
292403
279943
321309
344200
399579
387997
545763
567512
578825
584426
609582
600843
605019
648966
632617
713697
728060
770942
754807
700532
694306
716454
806003
263720
331791
409162
476812
488014
502560
555068
605053
621947
624395
665713
688186
701397
712824
775939
939761
1017814
1038196
346407
335175
357565
461640
466325
487399
560920
583096
658456
665155
684565
780649
707970
758328
804330
802222
913273
874820
880334
977553
955112
1045277
1039510
1080919
1106309
1117549
1193662
1203146
308793687
280965458
4147969
4282059
24356828
12231279
956168
688621
1197975
1604036
2251404
964199
1565563
1613630
1444196
1012047
1058654
826632
1284831
85658907
336976700
116605296
739083043
1071868179
1026657672
852760245
6285805474
681920
675216
779933
617231
446900
728884
554137
388354
412664
456223
647537
591028
6415295536
585900
977997
571558
575785
451684
718144
847703
393906
917607
4502672
2650045
724832
945314
548813
540292
1589733
1681625
1972213
1903583
2866226
5294043
5254910
5600072
6261778
6642955
1280664
2850344
3080119
2902465
6537264
6839200
7941783
7669307
7946688
8030321
8458037
8307402
8324576
9406071
9497051
9099754
528114
480531
787383
960848
416962
781230
874636
358100
385303
386420
590294
803882
1111584
1378002
1649179
1829834
2369634
732106
23050093
498788369
565481005
572204279
824816519
169682209
1608310919
172078582
5154135675
3255887507
5108821813
2996640506
5438469388
5263155731
283827
492704
303826
342185
287637
255939
288883
172616417
16151835
142979179
52519454
169513
215568
226457
255998
204486
292538
649795
1113692
282099
745015
271505
841010
394667
445520
298801
314366
237136
452381
323776
705788
671372
486489
952960
273054
308218
2021737
396269
334698
278090
359194
265215
333277
288927
330419
531942
994167
397081
444917
793695
254777
269042
252159
446050
270140
957739283
265649362
439901759
146231948
334499034
18865736
720237538
242333565
6319389155
401192830
4680365
8705187
8657291
9239078
8383797
8326830
8370891
8625862
8680725
8733254
8707498
8830821
8922841
8827129
62479360
287366
322387
3920439
330309
821841
1117522
1347103
1351035
701757
735653
1042118
1061133
1843494
1880737
1693967
2261582
2663505
2896917
3087556
3185667
427017
491970
575210
564923
568038
602950
684805
280964
409160
311757
327989
339702
318511
290489
370173
230534
639436
2115669
2240776
2326223
2245216
2079831
2318383
2299962
2334031
2368445
2476681
2558518
2544654
2288190
2383781
2457219
2686355
2332318
2484680
2683551
2654545
2795216
2757452
2762571
2953081
2962589
2943590
2950892
2930929
2949136
2962290
2928300
2287445
2561606
2897348
2909897
2915304
2933930
3067605
3040414
664970
122710787
112665835
117395685
149323972
14441100
2184874
130929445
1031208
1006697
1001960
1443763
1436209
1404226
1476967
1443966
1642966
1642817
1638879
308820
306702
324194
317110
471509
326446
527761
712859
264481
529882
550258
360037
500246
379879
402509
33497400
334562
510854
266940
361961
451290
554004
558400
991674
479118
394872
543659
589645
555327
662422
296757
311398
318173
338149
386108
1114627
1943763
2329912
3073227
4640886
1606778
2428338
346565
326611
307677
328168
414358
512370
407227
289974
543422
553044
290937
333214
324373
338914
311296
338298
281440
383760
271143
272146
296723
303007
338845
293534
331537
286927
306175
324111
276337
335334
258275
397009
303199
354121
287777
258829
273196
252380
244145
770646
367452
291249
371576
310110
308791
409005
283397
378933
227926
201776
243324
227698
224853
199232
248853
243412
209809
225057
207110
278644
256833
273407
326298
245283
238852
365645
250742
292275
413606
239407
319889
304392
223125
306117
235922
345843
268750
207709
396441
219843
270583
230111
227843
199069
269454
254052
213054
198610
215636
209671
226930
205725
237117
210429
200944
179370
228378
168852
208483
224078
203485
258288
283052
293754
350301
250513
241558
216069
208104
308475
322278
243676
199124
217045
243056
264527
209066
315724
374649
246710
210876
240345
271991
408182
285430
443230
423823
577517
725729
662644
431742
383596
417102
572600
358782
446657
416987
455743
441528
606672
335371
340741
521639
529344
358266
440339
279327
287903
329030
381638
466629
383998
335584
367796
375350
298586
351015
374861
348833
332034
452596
319685
386621
325335
293691
323018
344478
506700
280690
357398
341126
353703
417741
231014
214541
305005
254141
251716
231904
237437
230112
327811
279249
207737
232339
320532
216445
261039
300981
251403
245932
285064
276204
301181
368240
244919
279882
246421
297609
257991
313756
292685
338780
312586
292472
274596
239157
247655
231062
349364
222030
736971
238453
973397
334911
392952
284584
278747
261954
423276
472533
542306
260180
232672
892837
223161
674649
305165
296614
249055
268924
218918
1054998
251049
165785
161032
1149478
14109347
260415
215567
257304
246617
274322
316663
286356
294983
4256566
30624360
18248638
32861708
11535854
15186353
85666718
271428
312721
283245
283121
317963
206414
210507
224882
297879
309351
297592
324714
320614
338989
331600
272571
260131
227718
313524
378632
445446
329603
573262
528250
652214
1009115
353128
559044
671879
716778
755425
704309
364138
689965
1002336
509386
721888
2180069
2331637
2415395
2934551
501190
1947089
2213776
2399110
382115
431266
655291
725686
562200
1773637
2035639
2353560
2678719
3116810
2001098
337144
2279649
460792
889115
741561
1668874
2484672
1258568
1736264
248433
456525
809576
1359739
1368058
1186467
1196644
1202581
1261041
1192372
1305397
1297213
1270567
1239248
1329160
1446302
1322082
934438
311247
246488
210876
343752
778574
1276871
533779
1978667
478180
475302
605268
1422643
2236309
358871
326794
428786
280791
460030
232135
1307454
1537102
1633415
1296862
1634375
1846644
280300
288691
1703938
212090
297677
243150
375215
234378
369434
240433
409607
241397
462245
248706
515607
239119
646009
235473
674714
246424
656971
237674
769759
183711
209518
239603
266795
310760
337414
368600
404062
423100
458209
470970
491351
564076
517695
536218
554105
609369
622603
649090
654908
704881
772971
757157
808739
806427
813181
830001
866357
839266
338129
364241
499238
321529
390988
510053
581659
632717
683452
746345
800130
153612
157486
171007
193339
194072
284816
216364
239498
214597
341854
273062
354679
150255
187342
195495
228709
190600
245257
246034
316209
411847
252882
317941
321013
287103
295724
176961
169732
206641
245813
248318
263393
260485
277059
289151
308998
379003
419106
482189
515742
524640
387891
616659
679349
697458
994290
257902
271306
265452
261707
308348
293721
321298
338664
298868
369048
370781
418770
350649
352357
344521
20842408
197019
192362
289883
239745
266801
274586
277571
310490
294137
184432
199695
540193
805541
214624
272929
333396
368141
441988
10245
8766
9753
16816
9071
17289
16843
27298
24075
25319
27923
25479
25642
28278
41930
25751
16604
25680
25140
27189
26644
29496
12983
27932
26441
30188
29289
85224
30196
30890
32728
32599
27080
30832
30325
35816
35334
32979
36186
48562
42326
36971
37230
46970
52828299
22459586
31837
33468
34433
35170
37332
37857
43485
32133
32662
38379
42537
41000
43971
31197
34786
39933
47851
44971
44881
52984
46325
47812
16594
48884
46731
46932
50725
25015
34767
16857
50485
53730
53443
62322
54158
48220
52500
52278
38315
63693
67575
64127
57605
17111
48736
49155
53307
59073
61797
22515
51180
54361
59193
60220
60715
60845
62270
38811
59262
63478
64710
67636
72655
67173
65988
37275
66145
67651
70662
73858
59529
70675
94899
97251
99703
104095
53217
98095
102808
115368
126760
125882
34027
106400
113150
101467
106606
121425
124762
205886
234145
236421
294256
410827
523185
485475
480619
487350
662437
690966
780759
1047037
924832
1001789
294055
313174
380098
400416
237777
258972
225390
166221
168281
222980
288104
200511
245421
288855
166779
277344
313275
324077
373415
717575
72190900
40571216
47347771
61853164
52621341
70355236
246786
390301
461214
468065
473073
504541
421554
678020
2012552
10117
11561
12863
12710
318530
308966
7946762
427349
396630
317043
14207
22509
525795
23476
37044
299241
43259
34509
30666
36119
23367
36610
29663
29888
31900
33020
15505
33804
36288
29709
28178
35885
37790
12227
337280
26001
340772
15574
333060
311612
29735
27036
23318
11649
14513
20556
12338
18754
25108
41508
29128
38219
32233
39586
30813
16829
39201
41021
53879
40115
45213
280117
4114423
420596
2187467
1871709
3305950
632262
1741270
292491
282225
288890
319925
300862
297571
310215
272043
306571
332924
278841
353148
270013
2310530050
219756
224995
237645
238512
261056
286519
297025
280742
282622
313685
528429
445909
575061
685501
709367
846884
2542108457
262190
401963
462817
371105
387529
655664
348577
163274394
131330675
83155473
47604872
1936580
426976
1944733
1921230
2182545
692296
827887
921556
999026
759032
839024
741632
1210372
496440
241577
255448
229034
394250
410439
843480
739195
822250
919662
960202
292610
929999
961845
951289
986269
953045
951511
966784
968508
993166
1002241
1049898
1012951
1045150
1068461
1093222
1060015
1097609
1127420
1108679
1089122
1094772
1151752
1146824
1132114
163153
513401
604386
627558
626631
402677
166765
165722
321367
203886
332960
198258
192483
178764
187561
181962
188669
236424
209378
261222
272781
237552
256112
248101
189962
182480
184244
310117
448669
450177
515011
635188
1148018249
12964470
1567834
469842
11656231
36521699
3547260
1101229
182917
226344
258752
460519
188772
183038
216652
197751
297490
213887
346952
452592
534094
211524
339263
454102
699577
223180
354372
461358
685323
725744
632437
640080
652643
458079
508430
513312
196010
310172
436532245
37118488
705117
6260326
9294567
20881069
5316023
16831896
11002417
12144550
6859588
63421719
4134325
7049153144
6965569011
640933696
59799664
60101027
12196805
12262694
579818
373318
376252
625213
173817
245272
328634
247571
242994
273915
280333
277054
173981
229145
242839
547921
353418
1430727
1756250
2538108
262179
278172
277232
266336
279866
231242
281243
256196
281858
268406
273111
265350
270445
301763
231564
361317
287344
246359
242361
333689
334549
362033
288715
328047
231687
289674
270789
311152
411411
344966
263378
231288
285936
283993
321403
273942
707329
619909
529529
318716
282050
197099
211144
495884
350594
382479
396501
358099
570332
484754
539241
60043205
131748614
463910
35410131
1619941
1559306
276610501
319530
1025809950
1841364
1894213
1996476
2307126
2885414
688832
10834
88610653
853709
867367
914273
946720
1103301
1125326
1401959
1490553
1404771
1832443
1420201
1760379
1975387
1371108
1749645
2171690
9792
9206
7652
7801
7778
7890
61976705
1791055
2158245
274397
478380
659290
784772
1084403
1150227
1276296
1345327
1328651
1343329
1434841
1604617
1699418
1821779
1913022
2047620
2148486
2195487
2508337
2573593
2693815
2665783
6975
2821600
7748
7197
7471
7715
7255
7551
7698
7604
12593
8007
718294
974907
2956161
2949606
2960626
156414
263454
276298
301986
334752
330159
342711
627512
299045
421575
181802
225405
252931
263714
269083
337581
562959
508877
536255
543576
542676
628255
631667
728478
814778
540176
239763
663610
321899
655939
871638
496128
436027
210857
271898
276668
155052
376850
477625
397500
556224
616354
663225
405502
568482
406705
462797
185798
223997
185982
184794
186253
371557
453550
895619
590459
208287
776162
194201
195783
191131
214715
173413
226705
32974360
2312547313
2289574617
2295850444
2331302667
3865472
3892593
1946683
1553943
1895935
1951869
1592680
8025
8948
7392
8341
22026538
4073613
1972071
2023244
2222013
1615737
2036066
1988588
2342389
1748354
2501381
282309
208122
469885
351271
382268
387441
385811
458907
395218
468646
394291
615385
398655
523648
407090
511975
521487
611079
381038
521184
613149
779635
375410
612428
611513
388219
612860
373189
631643
813067
386113
617518
846635
371923
601199
825630
374913
608854
895736
359851
611097
917450
1053569
1172576
1265087
1209764
1225363
1295128
1250640
512345
294961
310479
684474
300573
314372
442457
566304
579458
393754
399850
571224
651025
257745
388461
400823
323347
405451
346828
320618
341909
479381
327864
419775
431525
432214
428127
421549
336642
333167
314688
338493
351602
350676
551318
279153
329066
365593
754561
391469
264126
430423
468211
241593
55006921
2751803
2736851
2815748
410509
392856
401225
545840
508901
507485
606406
604100
821927
369736
278861
292043
548927
379444
574013
981160
567063
661053
718961
748745
830934
877300
359082
568578
774690
869019
746702
808230
1151451
1811692
1867226
615642
807207
813329
879833
890485
1289780
616116
675121
722489
737034
785104
1152147
596431
604837
687624
617234
693424
759273
1163728
1707117
1213964
1773512
1916275
1207007
1817045
2094728
1228744
2161662
2551397
2679238
789783
488561
551070
533719
868379
983201
744292
2758706
541317
577860
707755
799404
1064067
1113472
4877003
1182258660
696534
814984
1351736
1383200
2585423
2812119
221461
412831
517735
649085
660658
724835
713931
303395
346014
397986
423404
448343
472486
10462
9227
8790
9446
10331
16334
15617
11211
16355
17515
21424
16709
20925
16048
16066
16664
16617
16410
17136
16051
413799
119119714
101106473
95985103
417689
400555
397508
468343
346730
624680
341422
646556
814718
257998
296115
648337
406203
158065
384464
456380
507091
196706
413344
163221
415582
460771
604726
157813
419293
458696
636621
679219
164516
254477
281563
302333
247782
374879
498705
549819
689726
826193
443017
348824
239786
497414
540817
689478
757542
826512
243433
971664
238703
493314
572088
251722
501418
562096
671754
148574
8268
8917
7773
8989
292058
31053
17451
16860
20054
10477
10301
21032
10848
21153
21011
11861
407986
22653
22721
22646
9961
11593
16974
15443
11602
20540
43017
33444
26938
265683
21538510
1480473
16931595
762758
855223
267993
261009
251076
277529
341325
277221
261297
317440
238034
256461
354614
304264
273126
297148
386060
286231
347514
144448
134542
182052
169343
154682
165141
191806
149007
155491
158270
179984
157573
153438
145378
816839
138959
140925
144288
150562
157076
151909
143813
148199
139132
186550
161141
137834
145659
133670
142803
145732
121609
178647
203974
152964
160252
180664
176093
151484
557750
217538
197317
1922063
206500
227629
209330
188938
192906
204389
208229
223664
210573
203708
192933
830335
185690
194456
261705
200425
198258
215058
212709
213944
215168
248459
244087
265161
168424
221296
195768
200582
191844
218831
196395
198327
229170
234860
170428
177112
207763
202036
170664
167286
181575
170220
174096
163557
165475
168099
198393
179287
169295
214215
204490
232773
218309
265249
275356
222595
231220
281228
273669
288596
262709
202633
221503
206207
188820
207515
233050
187802
206412
219116
200584
166608
192062
185808
170503
174630
161054
199998
203346
12805
15474
193752
322069
22287
164973
161416
173218
8507
230500
177415
180545
212588
234950
298547
18987
23264
24275
24503
24749
336452
10944
11193
166741
11914
14612
176682
156709
165657
8730
226764
24411
146900
12842
19338
24385
15347
148785
23993
173239
161724
189931
185566
200968
27819
202902
220715
258965
25527
235670
135967
179316
192846
128586
144721
163427
26647
183855
200160
240666
240378
140039
20467
142275
133383
20116
181130
26850
27072
179823
186307
226228
232555
233946
229360
242066
227638
8638
277634
308177
463002
8887
704150
129949
475310
7807
26801
28012
129132
29520
29003
28355
183719
157682
220494
172430
11462
193897
11993
152764
180271
147820
170304
226513
364185
178762
137026
28359
29409
144169
148163
151027
29439
154651
30005
178143
31369
702727
120636
27990
9719
11967
13098
44626
23043
21115
25543
12766
177732
200966
203480
211704
372872
532071
834869
86193
275627
309989
218406
481113
592072
417426
11474
375192
388645
238144
743448
402942
784685
11422
428690
616772
12565
414940
13672
361206
11633
14439
229427
267883
277779
255429
233474
267951
306778
378732
610182
443571
13019
380545
354832
886674484
904218671
990683028
194127
169990
316832
369638
313656
489443
716370
276412
288778
306273
427489
661689
761548
683929
848890
3823239
2810100
294675
2561453
1017525
539372
422353
1004645
887082
966625
680414
992088
735283
1147079
1111162
527785
485707
1169587
220381
373253
306520
226967
477367
434094
245107
510972
527646
476892
610694
572469
627550
618234
351254
268166
659222
300729
636397
321374
4249980
1750114
229093
207879
204903
273432
259596
307242
279853
273255
312127
322433
223127
318884
394408
405888
1114657
436325
278484
4186713
367780
392254
485573
300042
320016
242525
357276
235773
535395
382345
4752924
899702
580033
4574582
607572
409475
4615920
652185
494673
4716370
376741
3849808
283136
295195
4128994
365648
445535
4042337
1593059
326000
3755018
3197001
343502
589577
507993
3771289
242778
2605469
3635669
331702
640944
320132
4327647314
46746
30105
61574
1852720647
2677804
237875
262833
298464
209780
251324
257134
274416
232293
262861
325944
285467
331033
342830
359801
194710
183254
191446
201001
205529
238809
265173
200611
230750
266667
274200
277471
251168
305410
241583
242535
205199
217973
209712
215892
217082
247573
241658
240447
263224
321796
256655
385099
172024
235345
251018
199530
213911
224821
276445
280123
296541
413826
284391
322980
170172
209022
241243
229691
187095
206291
252821
226405
260478
310951
284723
295075
300077
557827
935398
7761888
477895
621626
561772
32904394
5504754
611531
595779
617016
643663
654866
686352
654912
552095
566813
598352
627810
736905
656198
554039
646272
662646
693762
703249
742104
221974
261561
327569
265232
274925
299551
348169
351996
344269
372276
373716
393644
446872
483952
483927
928833
575536
600790
823979
1111354
1120307
1173171
1103610
1108367
1404700
1464767
1579007
505472
2303833
11278401
1192273
11357136
11192464
6568721
12459254
1883009
2805868
1957768
2760074
4059132
2942614
174220
197086
374723
445062
474950
557974
675223
291891
193760
414685
306640
458791
166500
206889
285165
163322
314783
360021
384986
374915
182307
163054
151442
174562
200331
203041
162429
178701
157637
230185
282375
166513
293254
167648
397580
380928
195877
202942
1598172
495541
512752
519834
516298
560783
528724
12466806
524177
559296
592362
180263
220532
420271
623219
623831
637295
704857
343504
254988
274713
259079
180299
187047
196815
200774
209649
193530
277306
242282
268727
271630
301617
260472
269719
280876
283836
288447
276675
318211
342250
388527
399323
301508
405517
409322
426945
489506
426155
448106
483346
501444
522786
565055
595929
175658
250533
243115
268577
298056
275958
285200
200135
35654990
226485
299505
215273
183828
250989
326056
65731543
197708
158018
244759
271023
264299
314846
292419
299106
321838
348206
459271
366870
394585
402662
435241
425467
465515
490948
496707
515728
524207
531802
560267
571046
599162
667941
216168
258167
292808
261233
252617
249520
155292
273220
277581
210169
291185
287938
205644
271793
331442
331770
232781
383924
262086
260778
327411
284967
481280
311920
171939
215698
525406
167366
261560
251046
240175
555351
725350
367207
296821
185724
295251
307130
503769
298438
316692
785247
535996
769540
498685
298647
362148
438716
336988
84781850
228892
149231
225851
381609
559088
443810
449906
468148
485504
546846
507967
527917
520995
191132
212329
724841
171869
188873
205664
260052
286155
258440
175526
178671
227640
218664
210016
228499
233444
232121
274561
284437
312064
430928
168773
175766
206078
200479
219733
235661
234268
249732
295146
340817
356417
264984
240572
190999
217616
260234
991170
362010
334022
331969
356025
332695
367175
370909
391546
421350
444616
449945
465940
451472
467713
474493
472219
168287
499395
508773
537336
523412
567156
766091
648970
679270
678763
702753
794509
197069
219987
244921
268433
256017
332842
307558
345700
378459
393772
437690
452493
430160
458223
191348
192440
209112
235438
260636
284868
290907
346491
183598
270546
206290
235185
314008
185201
177403
211971
272102
356520
369827
382053
447737
455100
174208
175638
192751
302756
372257
447478
178834
196031
365309
406482
181404
192780
353190
516030
520330
629833
660863
683034
680856
700964
739930
736195
732640
179995
179299
170247
191526
318500
425940
498952
664194
728496
789499
322745
143495
7676891
939173
889002
1016893
1085824
816186
1009476
1039133
973711
1041165
1121440
152204
161264
183200
206134
1585873
1766713
1814580
2524641
2851298
2852516
397592
312269
326042
312989
338552
371653
240850
328797
521336
8740276
2360106
2962117956
1803390
811162
1163395
1102283
1281136
857883
1024969
354884
428556
331153
406767
794417
299975
386675
413523
5074322229
486982
643807
1240154
834015
934673
1405441
367084
466726
782196
670316
714466
646475
350160
435387
621116
596491
420423
779171
479762
535946
453839
318012
440320
372250
940123
376338
441992
364660
736925
753470
537169
303544
304673
384962
265698
303411
339929
1346140
379709
470855
536354
730902
313809
238867
316196
404864
297411
255787
354560
413476
49779
47025
123857
373010
536555
782887
50457
50457
424458
102163
52746
309597
247783
62887
266239
313691
315070
314847
307158
356638
498653
478311
271857
22566216222
410224272
936201
1771106
2945849
196518
202832
247540
309386
317680
387362
89039810
