107580
54444
47254
182629
117841
124502
1326917
1056584
341401
1422614
50667
60685
2867344
2363884
2280643
2716411
2408259
2231174
2298325
3096479
2610505
2147558
2178987
2158252
2080737
2127742
2359695
2306911
2429599
2315937
2244257
2559983
2904955
2337697
2357014
2220236
2558606
2313549
2202850
2420508
2297449
2188418
2621503
2270954
2103007
2421709
2105759
2185535
2735711
2256653
2426252
2140013
2200408
2070667
2327238
1966451
1833343
7657113
23448582
2101739
17651120
816423451
27731853
12776496
18079538
3265380
1461270
1713903
2717226
3209206
2380342
1941404
1635232
1343379
1603358
1621683
1881932
2273675
2211867
2382490
1632071
1648586
1529475
2315342
1410968
1961987
1731606
1711619
1858958
1525322
2032471
1752006
1819149
6686295
3875767
3145005
3954140
3979339
4312421
2708058
6338676
4003680
4970926
1080399
1370616
2757035
1652629
2200642
1864754
3058066
3662706
4267179
3444102
3281814
3248971
3511075
3303684
4578309
3944456
17199726
3487486
4462709
4068052
518741
36164
18607497
1192286
582279
874887
280394
135888
820615
499164
190007
645564
272512
316853
270426
264619
1750467
11660854
23635239
26039235
32178202
38423372
25419230
5118497
3718126
3889023
6941362
6053273
17018
52211
23469
19705
43457
31131
85710192
87208069
98784791
104943645
22045
43381
226815
51009
29406
34146
3108614
4351572
10114311
6861144
8904779
7446945
327787
84737
107123
55709
8178701
13766158
12042793
104049
65173
73711
118745
93878
73328
355069
422176
421319
34891
35978
38765
754117
2438450
773389
740301
846022
793026
702706
974238
666340
813860
771638
870950
780277
30200
25588
61623
18609
46097
24100
65517
25952
33611
17593
68860
18681
11310127731
34279
29484
19781
21557
28231
33348
26540
17509
17350
18036
26070
17991
19248
29345
31479
65094
17757
46746
80514
29009
50821
19128
18635
19661
62336
27140
23122
18546
34324
108913
25087
55490
11106942749
1460320
1531597
1792165
210500
172751
168842
184343
169099
191905
334551
99439
71960
3892711
249040
330316
310761
387033
312174
164551
183798
182149
250201
220225
190793
179226
385928
230061
174561
136529
237923
155073
711258
615953
445685
1489189
2296849
3174133
1441488
37816467
19530414
45778532
41608511
8376836
3363449
1982004
23857915
1201646
706245
2149975
502930
962856
3074587
702587
2190729
242659
1806738
208978
444181
61501
962757
563675
172633
1089735
982505
331889
649760
748150
721852
467663
380317
364024
930992
477661
671083
210786
489209
76418
46714
42886
22220
21757
45189
18719
24033
45142
24012
90397
24299
19231
37084
43961
19627
25791
206253
18042
17821
9937481
47172
131461
21898
24582
30434
24130
17287
17964
19773
55090
77240
55156
110545
69275
45736
137088
68430
19139
21894
53908
17038
20812
17565
71504
44880
27044
20937
21214
22535
18425
19443
18991
22073
84611
22012
406447
236291
218916
274152
39797
165354
197215
75537
57456
36445
20255
26256
27479
16820
17337
17172
22031
20708
18692
19090
32229
18964
19939
19001
19978
25431
701224
245231
245556
227480
232718
261355
226410
367420
209641
243332
218453
239479
216921
523207
232256
125267
1746118
41172
41881
24423
19302
23641
33972
30831
18970
21494
22276
17576
19127
19010
27148
52282
18856
20651
19629
18818
27758
38003
26350
28226
23675
18364
18506
34669
20972
24078
38589
18890
25895
32190
19553
41467
70713
18116
22685
25893
36912
184590
27147
22295
287155
35282
46473
22202
24904
20634
29630
28894
32606
19687
22337
18356
17925
19206
18975
40096
30593
27108
22354
18588
32005
41915
25540
21220
21936
17194
22061
20147
19821
29665
19000
22701
22107
23396
21511
21940
32295620
1226496
42352742
42675746
1843561
1405514
340345
364484
194246
168535
282674
148737
189918
191003
191197
192514
225875
132750
369071
225367
143283
264651
253517
191923
175996
110993
193103
225157
279488
396762
486414
274528
190567
47707
8488597
7784874
5731631
6123127
54872
44091
41099
329757
648909
63916
73837
13473011
9958559
2577462
1248766
1211375
1278294
1383555
1408828
1199351
553601
104120
282522
216092
74976
114132
117686
85143
128888
409479
45883
34282
25930
24653
1594856
1454205
1259976
125344
1582356
1322966
1297396
1177652
4103705
115085
122476
33220
67579
51113
102774
39625
49001
36944
53368
45711
6126839
6617243
5896375
3422929
56451
46799
66542
68381
25052
74623
1199113
9313466
7360029
10490203
11499976
18241263
76362
375684
107958
117636
119754
107997
85593
79883
83387
78586
87670
82227
80403
74131
81721
83628
78564
79262
80095
81132
79480
85865
84204
74791
75868
77264
76340
77663
80147
77017
77059
82874
90103
84523
79723
79779
85315
88002
91026
73801
77277
77837
3091311
2626686
2379702
2417092
2554466
2413517
2440468
2451447
2424132
2434575
2384886
2421757
2415128
2442696
2417024
2392712
2418406
2384677
2400444
2374389
2443166
99287
85099
77025
75848
79524
79691
78440
132526
111607
114112
113776
111130
114513
119179
122864
109846
113188
110563
112799
117044
129562
120709
122276
1016033
1061719
1007677
1037862
39673
370343
1269219
1228599
1501435
1415407
17859
18081
18093
16872
18329539
35675507
39224990
29761760
18190446
18941186
18411808
18841748
254958
245510
676049
661405
608240
652638
638844
612557
631294
702235
649017
622777
627566
626703
612892
658895
696924
623610
616988
606174
623625
626544
646428
767795
638061
627228
614889
627431
612432
633044
608774
627541
637180
638142
447386
470938
448169
443694
472889
436405
4869725
4987405
14668
13366
22270
14111
257465
237194
14059
16393
11879
13612
13669
13767
13535
14664
18326
13746
4001401
4981936
4953023
134801
4928269
4936914
3790326
13091
3961082
45621
46850
47717
47157
51318
45830
51967
47914
50393
46373
50976
47029
47377
51096
49438
44970
54126
49711
51876
47552
51106
52900
49353
48988
48666
4993624
48752
260003
208638
224263
217093
247600
205396
230985
101718
105142
96059
98159
102892
101260
96815
95265
94992
140100
118981
182544
117315
117421
5694337
5816717
5151039
5214218
4786979
3882258
1751785
1405418
7238678
6532188
5695108
7497677
6936769
1790844
2286711
329443
150848
107601
156868
146304
112529
289333
138847
107929
159283
266862
148423
130366
1716345
1835933
4597301
4117913
1305229
1281043
3723001
3752838
1268329
1220373
1213034
1184208
4115615
3742859
4204962
3723832
79591
141669
174041
136814
169912
148496
45232
42966
44773
46128
44138
42726
43624
43421
46120
44933
47907
48660
43082
41980
41626
45102
42503
42899
47722
41746
5665617
84603
3746149
3688926
4020535
3656097
3693515
3798347
3729650
4086511
3690753
3751341
3950732
684235
4081963
3688929
3770991
3767167
4172394
3774599
3701108
4787421
4208489
78046
84257
81718
78295
71916
5702818
5649210
6093690
4075825
3769622
3740122
4298062
3848800
3932298
3460120
4041985
3720441
3910995
3809407
2270734
2203214
2180057
2308586
3713308
4093630
3740832
3781228
41852
43384
47988
43930
43377
43369
42229
43441
43581
45628
43646
115023
186937
622743
633774
2620371
2513225
2510316
2623961
44576
44784
6420554
688202
1237833
1279507
47028
7027446
74613
370247
692260
736152
701500
1369280
908076
721164
15703094
15670271
20007061
31929
253038
231881
258256
118111
89669
58537
86684
58476
130992
172822
75071
58892
49772
193423
309223
265773
262923
284897
263453
303815
359129
262510
291357
56336
94367
202702
304490
75924
285371
85513
95187
65741
76602
103111
79568
92140
1124379
65911
64116
108517
61886
83940
55094
89304
74945
124322
371899
1870683
117469
99558
2003563
75220
70772
80599
1975461
1964027
2067572
1883559
2067721
413913
87786
1885361
300763
286633
300472
50254
327756
255146
255008
52363
200127
250561
282034
272809
280849
313099
42068
72745
257449
55057
127192
66351
60339
54249
78019
113812
90894
38408
48521
55652
72405
57624
83545
66879
79449
48599
64758
70495
79987
77346
86337
31650
64705
60313
239715
68223
70444
52403
56277
164550
217208
43425
50712
304298
49591
44316
246348
82033
292368
54600
269859
265337
61989
43978
227315
61812
43142
39173
38146
58254
53663
38571
224147
101817
52732
363043
36018
90107
44432
88216
53910
86345
50446
34871
80112
47615
61442
45074
75719
44193
85530
67217
61226
59757
90457
66897
95199
62524
104183
70117
68940
69862
87530
278121
106797
68071
90429
61546
65844
67329
84800
90080
77469
87607
67399
45957
56840
93597
89497
64429
313403
63056
131198
80200
68846
54297
92041
85449
204375
71561
44687
66013
290488
528903
335659
285549
150180
285159
284276
276438
332760
386025
324920
547343
265597
340406
363397
387327
340112
317729
235389
321223
310809
306786
310192
375167
317519
275787
171970
448131
252140
259541
290585
353834
401948
262281
348171
304159
365067
367350
184924
1894737
2135607
625595
600577
246481
234461
267992
2043063
2528480
3971053
10294222
19847917
21915436
21740932
8573346
8769106
25873938
23868304
12868069
48236
589999
1613986
383116
3468529
606732
419199
495424
494406
518473
672371
475412
565341
18346913
11025484
27069272
175399
28312615
601554
389174
498626
407220
295641
352822
319976
1784605
3489588
8574251
1319848
570378
619035
611853
1374188
3827062
3806124
537708
480334
499360
465827
462366
421993
220657
802903
289771
262760
583584
583194
495216
972656
210345
4385069
947770
1219173
3765900
2766566
1032827
1944355
2103813
1955936
1648464
11192237
11602362
7015991
11735302
11658390
11501218
11735872
10851105
12391394
12808957
11095610
11753660
12309201
13337496
13454217
12611677
11333829
11343287
11006396
13036749
13327671
12548527
10560310
13016
12053
11641
12835
15261
1161438
1187881
460049
291422
163151
153444
162966
158183
154495
154228
153057
182600
153673
161622
154551
151767
152521
151864
156551
1112587
1079110
1056323
164251
210309
171163
169005
184178
163462
205953
193309
183090
174553
169455
159080
173663
464269
164676
170773
174967
166648
526327
981720
719001
4219444
164960
175253
47825
5536064
4950489
2520345
2499597
2595568
2503194
498827
3334303
262373
143420
165265
171168
151349
156946
153985
1266811
1281675
1338194
1214087
1286312
1121016
1417187
1109081
1135061
696902
2945690
2942516
3437775
2443486
2378096
4632849
2412533
4726991
2346296
2403566
2434053
2363206
416501
251731
252573
251563
229293
476481
2356529
245404
243816
252456
401310
4321746
4338583
2352618
4312597
2398326
2352720
3912255
2484897
4074559
3888573
3849091
25445787
4888023
4830283
351079
2953683
3749778
2793870
2740493
2266646
2402237
2536977
2277162
2529228
2328660
4842421
3873607
708684
25300813
24474072
4214420
4399038
847497
1366745
1377917
1357794
1388935
1310092
1365540
1352972
1357319
5793176
5764568
5724313
759263
773922
853468
4222930
4590463
4011245
4419459
2877725
2526111
3962816
3864597
3882126
4232457
2693157
4240232
4468689
4413424
29694
30774
31393
35015
31810
36877
35797
386717
4523009
2568343
53863
49122
46128
690141
699979
705435
771557
703060
700094
707797
707113
698390
706957
721862
685955
687150
985915
707763
677421
699071
675830
700576
682296
691022
4171742
984607
2523419
41020
3683316
4119614
79685
70883
73668
70171
73538
70633
74804
75316
998570
187913
613589
160988
56426
2625181
2556623
2579425
4506820
4435640
2924010
4221720
2680595
2666514
4730527
3992537
86113
221858
578594
561223
560180
582900
562592
559662
572450
570672
553983
611328
566571
576535
575825
588432
570444
564865
557367
571002
558781
554584
576416
566411
558540
555358
135651
93563
91079
90303
91497
94211
99885
96351
148125
112505
110125
110183
111543
195307
178418
168450
176081
170185
171817
170068
171413
180470
169836
171567
171170
169286
169050
177034
173468
126354
123651
117973
121120
121036
116387
124113
117186
119785
122889
118153
121347
126873
137470
132765
142601
174882
243450
61440
59456
60395
56957
55659
55930
55951
59029
54248
55974
56963
61682
55724
54061
53444
53841
932168
935144
916536
919676
937937
471657
464577
270184
80387
68731
75512
55259
76187
65439
66826
926971
959192
925357
932619
918913
918396
8314654
965088
8302716
8223864
8230889
8286896
8217331
1625994
925757
112495
893045
974582
917547
924073
921278
986312
978393
1021418
981722
1724169
1664725
1638977
1676466
1672612
1666681
966616
1017955
1029532
1004214
995035
1000880
993508
991980
1035951
986708
988131
982348
988361
134300
472327
300781
293146
283698
291029
329107
1045152
1133755
1036806
1055350
1037887
1059837
1150803
1035772
1042026
1031137
1051872
1020063
1021252
1022722
1038519
1010256
1014189
1015941
1020837
1027152
1021073
1021234
1011178
1012542
1008976
1012994
1019059
1016750
1052318
1016331
1009458
993165
1036839
1015016
1004541
1019445
654799
125314
130312
138225
128048
136853
129483
128503
134793
130267
162082
134294
133283
129337
1322997
458005
1357994
1370790
1333124
1337247
345057
417618
299411
283091
467754
483005
321154
380646
507680
466137
388516
469823
315665
476303
305184
443399
294606
593358
2698577
336399
456896
280168
281426
16258
2585478
369167
374683
365236
2738801
2741497
2771030
2781405
2754937
2753979
1208994
1197256
1190946
1206903
72543
74402
1383104
270932
1267274
67289
1185461
75525
1395905
1334082
94464
94064
81799
140681
112619
110628
101240
93012
99386
104439
186498
7439479
1805994
1250423
1304610
1857158
67770
1210428
132246
557963
493334
438653
447980
1270702
1262841
1288222
1248642
1185574
1263038
427490
923196
937164
996046
993752
4722484
3853381
1090089
1128802
976854
1033970
962094
964081
950487
964074
1475418
1080352
914566
1095069
5093130
4979253
70007
73273
71200
70168
102022
82103
81564
151842
80083
80108
84630
76228
148226
83449
81156
78796
81720
79668
82729
82836
80449
80414
79939
79300
80034
80647
82716
83834
80818
91950
80469
79450
79759
79867
79566
81194
81561
85521
80900
80378
86530
81934
83013
92215
80396
82902
82703
92846
178149
80952
80664
83527
85805
80070
81496
85512
83511
82915
83764
84668
116187
82121
83696
402788
58738
4906873
83968
71501
62853
61867
62242
64618
62356
73779
62803
64197
63330
72699
79316
69288
56231
95153
55028
51637
48114
47712
47237
49032
58137
47621
49138
55699
71803
48611
54507
49679
54931
48933
53171
51010
55561
50089
50357
102456
50536
55525
50999
61195
50670
49769
50044
64822
54339
50640
91969
83992
164731
638736
646993
239249
91460
83927
80916
136840
119852
293521
88398
305232
297262
291141
294218
114226
296979
87414
179794
118008
157707
184094
191393
195538
215802
623873
737275
635797
716939
617235
715032
640575
641861
645605
687517
609455
226543
183140
188074
194037
192263
218427
186393
400555
186128
194051
195848
192521
189183
191625
193585
189962
190869
187785
187527
188278
190696
193668
185033
197302
133535
70716
71769
171624
3966290
115185
27956816
27998684
4872944
3093970
3179039
3115445
3289299
437384
421712
471350
524818
177242
192230
183436
219703
191599
182360
127808
143393
99702
74491
7184417
362945
339908
466225
303712
321993
307356
322311
313591
324826
352629
318128
292784
286529
335347
322911
331240
60122
61598
57201
55834
54782
57106
26602
24028
22611
29654
23679
111012
89052
95116
94363
98945
92951
94098
92375
90026
91122
31134
99437
102464
24304
23226
34007
23965
68597
316409
6556331
34942
52456
48070
51765
49641
46161
78808
3887334
3875446
3467134
4775113
4674785
907597
917805
920704
908268
933931
958373
927172
915013
939082
924519
932520
920330
994141
925536
949245
922412
922730
935741
930043
1314346
1173825
1153172
1116806
1126299
1179207
1162736
1098010
3744874
3770821
4408787
863080
776723
817846
885960
864492
714278
836573
891865
707768
815838
905024
704493
863468
893777
811620
737586
918624
933184
942934
922630
957808
955345
934820
929300
932676
928312
939152
1210008
1184357
1148014
3382706
3257308
3293513
3427669
3850868
3217808
6079947
6323934
5774018
2671782
2760813
75366
85307
78717
74367
86088
2872412
2746884
76785
82819
2505761
2544507
329585
6752877
8738123
6418348
6604723
13063
75730
73773
71944
73410
72611
72112
74173
83551
71649
73389
654807
1031567
947308
82030
71559
137174
80058
117965
102759
381824
379791
400223
388499
4677346
1882690368
110301
106798
4009265
5582533
6649699
6719860
64068
578915
76996
600973
61223
499030
60001
503100
536108
512468
71346
535611
512188
529259
103458
523782
509774
528801
505128
103185
538950
505627
495609
515168
504457
512590
515906
512896
513933
842544
522959
504054
496904
516159
503731
531378
522869
59629
515717
615525
56551
524005
507336
520379
506599
58734
508949
503579
512269
514260
506943
58175
499202
522835
514374
83136
547282
522508
516072
618897
564950
552327
574121
550368
559468
572815
640297
549958
545241
573736
548406
556599
551043
554984
548470
586597
556437
115794
107588
111391
136115
128917
111280
46644
48938
37275
388265
188443
191855
194261
51436
202689
188186
181783
176431
197425
49355
45146
47994
44768
1999034
1619126
2533546
116106
97991
116402
1971680
1606142
1664162
1656343
1647864
1657073
1870933
27363
29718
1731638
1595307
440351
378107
67773
121216
77589
136895
69751
58019
1052846
2624090
2666625
2601490
74618
77189
72377
72663
72222
74841
74677
79313
77668
74952
905618
1361136
1288160
1172996
102349
88898
77883
73547
90691
82367
73324
81434
79140
75208
76602
75607
74421
16224
70721
63689
66051
65713
66705
72667
29051
30408
24057
23564
21423
29422
1468413
399877
1821514
28668
76429
78275
80550
74728
75531
129424
76663
85084
175241
222801
89343
132909
106372
104084
97017
100559
101561
94641
176126
99614
87966
81565
82155
92432
81529
79928
80682
83221
80461
79513
80134
79118
81473
78785
75486
75610
80898
75114
81082
76861
75266
77596
82155
78777
83775
82296
77469
76751
6574102
6340568
82413
88639
80502
80091
80517
82161
78879
79921
79789
82003
81466
84422
79621
80645
80134
79536
104711
83732
76368
76862
81925
77134
77307
76692
74704
86074
88214
80859
78029
86538
82625
81424
81545
81322
85783
87843
6376307
6600291
6786029
7286361
9398972
7028963
6961477
9648803
6599007
6353744
99050
99405
95290
95397
90984
91222
91239
86058
87348
83459
88990
81564
81833
81036
82568
99023
93105
95836
88860
7259509
89433
97735
99946
6403401
6814129
2011341
2249743
79978
87441
90847
76873
91441
83521
164003
105024
105508
109837
103509
211637
104520
238380
108603
148422
103190
60030
43360
43126
44326
44003
1581969
999059
995423
999182
1013469
1021516
1001247
1018951
1038260
1037708
14480
13952
1006794
3990191
27879
70188
13896
1018213
1011162
164594
84667
97751
82167
83943
165109
115147
98712
100981
99514
99474
100691
146760
160918
150014
659984
1217229
1294815
1225746
624048
642014
557032
638031
648952
655306
505824
437923
452162
475574
457416
463143
471730
475910
489525
489813
478044
487195
445168
462787
469628
537542
503128
505781
592828
564652
558298
580731
599275
485276
511785
575242
488445
591917
503010
472129
554855
474066
524829
488869
552039
601386
509055
546296
611208
535156
584411
750396
592818
609324
554207
486502
420296
460874
522908
475668
448653
524963
536321
555128
461851
505049
518618
552280
560592
534106
496716
529399
513763
507269
525797
542879
529117
516711
564464
515709
524746
548369
501569
520145
508142
526425
534985
527816
488756
530094
544550
545028
500888
532362
537864
585146
546212
517639
518593
534307
522634
518415
545542
546742
585211
514119
560576
2321248
3255362
2745492
854025
829341
807520
807410
849172
2744975
786256
848308
835562
836007
835530
861759
867352
860265
816637
884246
840799
868363
834213
810654
820146
839511
836766
825924
801995
817847
826537
858723
812955
830913
849517
824992
833642
800687
843514
861514
849138
822878
824337
860083
1069746
2937230
832991
810780
843376
959432
908359
827265
809660
788889
867030
823658
876213
837478
816114
870890
896772
840043
845747
837210
859126
839287
828516
810419
870702
827499
853924
3218735
3096724
3039427
794470
876124
856172
855986
878649
831264
795235
814403
825837
841895
850475
824531
869423
896414
834674
868103
859023
829217
811095
883004
879789
860580
822870
892951
901083
840305
880999
854486
812549
913456
870996
842678
870701
848567
851688
883820
865490
824379
823667
874801
878747
821828
844384
821424
851063
875126
853284
890918
866251
895200
837561
882415
824175
852455
891252
838687
884623
862849
799642
842882
842841
837221
859878
816277
839335
866777
836876
897661
879139
857052
849805
890069
1079267
907895
908097
897777
853627
881831
872693
891014
886030
897199
891906
877636
883613
875841
1059091
921241
876253
882011
1122272
882446
902697
860624
869377
863300
889448
941731
860644
894623
827648
858950
824075
853092
841343
863660
846665
876210
805614
893362
875040
966061
838734
921437
892661
821617
844693
811763
819400
866873
831578
818752
869603
833986
827970
877212
828633
825569
855750
837818
798274
842573
804769
840079
818019
822665
837377
857579
808515
880374
849389
816316
848312
805768
823998
816037
892709
798827
827114
830353
881520
851684
832620
814600
842873
814888
5556342
15022114
15060838
14745332
14702660
17260284
18300856
156215
82409
91677
87775
83617
86129
83560
106188
92152
88735
81457
3067018
84427
95979
301749
91127
152276
93897
86165
91586
86342
88639
84297
87465
91487
88921
85534
62836
61970
14932091
14940289
15583227
15251604
15148583
15029782
260312
198683
227319
201215
220300
199122
200016
195978
197198
205131
228539
192672
206447
206929
188835
253790
186965
210805
200969
213076
212484
203292
224686
204151
222311
200622
218669
200747
247670
190905
218275
211489
218010
188639
226989
205055
208315
244011
196324
226480
219399
204636
210466
226923
211825
214593
219016
262792
218242
199686
209369
218881
206369
199541
249526
232142
218829
203731
214647
207220
216504
224282
209341
201054
219213
221486
214276
193798
232812
220302
220890
250600
231126
229450
239768
213747
218012
220205
205705
211070
206934
238242
216363
227832
211467
229904
208447
255467
244984
224793
206779
211623
230597
217720
229250
208359
221556
224848
217822
227589
209671
250160
221255
221685
207264
221464
216662
235563
213435
226933
235122
237439
215296
231852
251770
198125
209918
188990
220888
196068
215775
228827
218588
239210
223549
292421
207031
302026
254012
222723
262944
195781
217220
212792
205750
208616
201296
208359
221101
221180
233750
243915
200510
246659
211857
224561
218666
217618
204941
201255
210755
214690
205159
198154
226566
231015
207877
221613
221824
215626
209669
383118
208570
221699
211103
211457
226839
228568
231592
222861
228497
211762
215845
224904
243478
214490
271347
263717
244059
208040
235841
227915
205982
242310
210092
206549
247808
209876
214958
224191
227118
224426
221892
254832
206741
218101
241639
219413
230357
215877
224661
225170
218185
216278
237302
246188
207111
245730
217762
245488
207582
214085
232004
275719
239687
233167
244122
270633
261915
233589
219043
223175
261912
264608
230414
249889
83664
246703
223193
177719
169004
205391
196407
214540
188192
203023
160980
202800
164564
198559
205796
166212
226318
99884
24505366
25980870
5156115
4594098
3376620
3440228
111050
106818
150383
85716
224225
145164
208701
146998
23955
395592
1070504
1031132
301532
67067
1073762
1147287
1030456
1104260
1291709
1044552
1126257
1105752
1609740
1148274
1083684
1076543
983172
1078597
1330859
1965594
1262408
3651469
161053
144556
238127
157171
1167484
1175808
1209819
1141641
1212339
