994563
930299
1213206
963014
1125673
1299579
1175843
1858414
963822
1088172
1455003
1451655
4939144
1052386
1290948
1147380
1246582
1147654
1302785
1050697
1433458
1074544
1325523
1101391
1055028
1583960
1315129
1463937
1090529
10809897
952897
7213601
1281507
901352
1739858
1203118
1296654
2320276
1053072
1244599
1017179
1106325
1023839
1530677
1429973
1090739
1288703
1027668
1094182
1416350
1073422
1188095
1382614
1060194
2106320
1035858
1091883
1263929
975616
1115526
1167704
1020108
1385136
1118228
1168449
1364209
1190346
1132137
1177905
1029201
1029275
1033264
1351369
1138869
2010139
1167469
1573966
859669
1214292
944691
1395318
1123530
1115982
1131256
1656745
1143003
1784340
1420445
1330674
1323269
1030641
1233044
1090686
2054447
1491418
951384
1508110
1106007
1215950
1215736
1548653
1486794
1093605
1569634
1246629
1430604
1343377
2135620
1102653
1406432
989614
1071977
1071111
1182012
956201
1214058
1253569
1045559
858687
1093672
1251693
1031868
1811961
1098125
1096399
1060475
995862
1495728
1095149
1119794
929288
2462368
1357706
1299277
1141724
1447327
1272508
1240558
1117841
1166653
1048716
1086452
1226299
1585617
1162972
856067
1124753
1016064
1509893
880443
914658
1189474
1145486
1204465
1221202
871965
1327069
891973
1145053
929843
1126902
1543622
1143317
1230368
960539
2492338
1059125
1031115
1175960
944608
1005107
1635260
897885
1485896
1113466
1501159
1153066
1170747
969048
1055127
1337156
1441940
1067738
1831603
1870544
901508
987617
972062
1288872
1016209
1131417
2209860
1030321
1263661
1181549
962127
1020927
1147411
1063112
976399
1984731
897753
983263
1432163
1083236
1627295
1089805
1181418
1049106
1156731
1090382
1159169
967289
1046877
1060103
1045492
931007
1567981
1295757
1017868
1505188
1079526
894940
1242308
1360183
1174293
914784
970597
1366793
1005652
1082311
1142654
1136414
914595
994184
1047038
1388725
1353960
983129
1060352
1059479
1312441
1011604
1460829
1368439
2776905
1200044
911898
1010521
1310239
1266300
1099690
1089564
1389515
1357619
1372419
954201
1112318
1012388
1206752
1267554
949364
1049003
1985588
923316
1193402
1145681
1109911
996965
923930
1045241
1261731
2171160
1112072
1127753
978303
1190116
1213320
1270095
1074739
1155098
1849293
1111937
1082019
1241995
1196025
1014062
977505
1775931
1118786
1385371
1497656
1085812
1348496
1449006
1062338
1338650
985730
1029411
1078034
1214626
1006768
1426296
1259338
1292673
1571192
1128059
3788066
1356934
1661431
940657
1247396
943836
1447807
1934811
1205478
1053371
1320934
1343697
1476971
993459
1458855
1796229
2044298
1284117
1414185
1547833
1212159
1108239
1521627
934961
1517862
1106316
948161
1045795
1072555
1324712
2177690
1221048
1103783
1361335
2609490
1014971
1352206
1110244
1345172
1184747
1112157
969640
1519761
1157590
1108510
1160276
1267635
1154461
989972
11383381
3471711
7090268
1067907
1573660
6092375
7023989
3520828
3392232
3365384
1580488
1029910
1177125
1255499
1161239
1999625
1129837
1039885
996211
1107370
1291525
1680049
1146798
1427112
1320755
1662570
1225162
1959208
928264
1090242
1036331
1005363
1504484
1367565
1634128
1230449
1381383
1105905
1002616
1204466
1095665
1465842
1029083
1113938
1237825
1375832
1068508
1188161
1161205
1294753
1507737
1286610
1075144
1034707
1007584
1180085
1278784
1391491
1379521
1639608
1417523
2008130
2911695
1166462
1450345
2248134
1183531
1422360
1443833
2110382
1274981
1704587
2219448
1379394
2727418
1708525
1707130
1083088
1779839
3008223
1154869
1780327
1244254
1178721
1853270
1539065
2160240
1224542
1962751
2575594
3200201
1202781
1524523
1222842
1217675
1538047
1307754
1493461
2247853
1211000
1123199
1103603
1898297
1415636
1268965
1250599
1239787
1786567
1357120
1464261
2003195
1456953
1199784
1071494
1148180
1122605
1140390
2319635
2176391
2784233
1391141
1450954
1275321
1671997
1514917
1129270
987134
1440173
1185246
1239593
1256567
1174879
1502981
1079644
1558384
2276092
1395232
1495328
1245228
1065325
1541499
2690875
1105835
1014523
1311485
2664391
2024404
4070853
1131603
997420
1360251
1360940
1206389
1317737
1199660
1280069
1243671
1522736
1183506
1315461
1062158
969723
1432164
1056375
1041453
961680
1499317
1121912
1597671
1088903
1546083
1414848
1159225
1707929
1138378
1841620
1100470
1776097
1055235
1183671
1188169
1084685
917202
1028444
1204546
1486547
1035980
1153209
1197495
1507679
1111987
1409934
1259710
1096745
1168705
1285073
2162477
1225551
1065517
1036023
1343711
1982724
1208711
1065103
1687198
1166505
1082917
1811068
987999
1256050
1051442
1194504
1377572
945792
1377418
1187773
991104
1278537
1711441
1562135
2108946
1301577
1070215
1451087
1072313
995393
1152463
1436634
1055975
1708233
1839571
1451587
1080597
1098512
1443188
1166834
986128
957959
1268294
1141635
1193877
1243940
1787869
1457090
1184449
1158568
1196197
1066871
1094926
1094106
1134709
969790
904714
968695
1156295
1063994
1022344
1426387
1156535
1132767
1171306
3124229
1093348
1276525
944868
1158302
1115647
1712046
1165201
993850
1045164
1099656
1286258
1066344
1151412
1001526
1321542
1383289
1117585
1657284
1530829
1121015
1157990
1051388
1131743
1146464
1785430
1411436
1192069
2611402
1261480
932992
1388199
939714
988415
1058491
1082952
1485094
2146530
1092660
2242800
1406366
998033
1915462
953829
1112406
994748
1144825
1521911
1056119
919481
1044777
960095
1002886
1025926
1254132
1051158
910333
1477320
1054978
895576
955335
990284
982796
1136604
4104551
964991
1312417
1743212
947153
923922
1091142
1384932
1128642
937341
1065095
1074051
964371
1096852
1034600
1158700
1051555
1360570
1355161
1079648
1302811
1060058
973890
1118200
956957
1182897
1313332
974801
1608249
1044478
902407
1339131
1005476
1289339
1002412
995926
1000331
1327326
1633979
1098187
1085368
954104
1315094
1051032
1446383
1101518
1537706
979985
1448803
1171716
1481440
1820362
936287
1105774
1456053
964425
1025422
1034514
911932
1508019
1554390
1151647
1002799
1261612
887305
1135660
1496104
2221634
1154466
1018629
1219701
1046041
1205055
951113
911882
1227408
1500674
858557
1584236
1130511
890811
1767669
977837
938479
1099340
893848
1189454
978081
898381
1090434
911678
1110883
1367826
940970
1339840
945139
1009906
1368236
1623034
972599
1492069
1128957
1041538
1407055
892287
1295975
917630
1504952
994455
995594
1238930
1189916
1041478
1084455
1398144
1076904
1177712
908841
1511470
1127973
986009
1340357
1185506
914700
946366
908393
991073
966156
1169503
1045810
994123
1072797
1452409
959698
966330
991373
1050594
924978
973065
1697167
875460
942639
1309385
1004993
885758
1007466
1137073
1467834
948608
1086577
1058315
1469920
1001234
1416130
987984
946910
1421249
992824
1268297
1348279
1291691
886344
1160572
991302
1185641
937724
1457641
933121
974505
919501
1347379
848820
960977
1045973
1000949
1184338
903193
1919225
1194541
1107025
1000195
1497253
1256844
1140838
1228680
1477991
946872
1051221
1420080
981625
1197442
1079177
882969
864771
880739
1168476
1896115
2141881
1016834
1230587
975945
971201
1217721
1046953
970138
1053843
880528
1473021
1211642
1128558
1107687
995086
1018215
941180
1375335
1182706
1033210
1052262
1158330
940375
1206204
1226560
1217956
1095624
1241375
1324883
1312790
1277229
1640521
1010800
1045105
1197022
1113183
1149696
1153816
2097936
1013213
1400943
1075424
1214298
1212949
1360526
1061936
1194882
1088918
1290843
1147602
1358872
987300
1076260
1593585
1163295
927138
1198425
1958335
1090854
1277531
1220307
1023681
1047923
1109830
1103388
839689
1335079
1233076
1030947
1020409
1306081
1240056
1046624
968652
994069
1122044
1255624
1188913
1009583
1421892
1206129
1183553
1226717
1009440
1065930
983773
1222271
946263
1056152
887001
1836648
1221207
1022913
1049998
1688370
1031590
922836
1032974
1262631
1087191
1022518
1230525
1044166
984230
968037
946658
928175
1090025
1009551
1324837
1149949
2672601
954401
1078972
1596485
1190583
1074265
984039
1197444
1113260
1165910
1016078
1282732
983657
1105835
1397331
1145179
1277192
885348
2041151
1341009
1164061
1391785
1039873
1448695
968343
1261819
1104019
1319416
1025636
1100174
1112549
1098179
1002085
1491463
1269437
994402
4161722
1055097
1042794
916369
1051951
1477311
946490
1085314
1251488
1351524
958927
932581
1112171
1101370
1080416
1034208
1059826
1256050
906850
1136248
1081228
996460
1021010
1044334
958619
1146263
1095814
959636
1068514
976249
1047504
6026476
1365230
961569
1030128
1307766
1191352
963500
1116981
1109243
949017
1325938
945367
1474067
1055153
2128729
1045115
1041771
1353904
954930
1011401
1139318
1136174
988759
1142657
963544
906422
1183381
1124436
920370
938910
1066281
872209
964233
1044882
1091052
1036791
1094130
1194154
1050658
1147481
2159000
1143895
2369804
1044669
1166010
1174792
1319410
1110156
1141735
954900
1051749
1133898
1220144
1122076
1139222
951371
930711
1343697
1042788
1999565
1317513
1340322
1107327
1081804
1371938
1029347
1833123
1031994
1150686
1402394
1345692
1299746
1218692
975613
1123772
1019384
1309252
1240887
1080427
1218566
1081162
964223
1229509
1239906
1300026
2102325
1359397
1321856
1323866
1037718
1507038
1093242
1336102
1281528
2238750
1260772
1107281
1097084
1345430
1014191
1197417
1240251
1076641
4274523
1012927
1195197
1442821
1207966
1498929
1095529
1026419
1249127
1021346
989015
1185317
1041571
1061733
1041174
1142525
1930819
2198341
1184648
1504609
1061200
1441893
1091950
1027512
1262345
1703919
1012779
1009423
1178268
1147935
974641
1105920
1380367
1058594
1267766
1076963
1210589
1109394
1269512
1100480
960624
1184110
1248580
1456858
1149579
1190129
1110593
1083797
1337293
950142
1177462
945408
1370068
1071017
983439
1071675
1102144
1038311
1053594
1101510
1031704
996711
1262315
1350129
966175
1120814
1199304
1317330
1434062
1365918
1120663
1047883
966261
1351305
1164906
1331178
1226391
1297256
1111831
1035784
1312213
1352169
2568531
966571
1089662
989581
1063077
1031922
1189174
1000216
894059
1187497
880242
871937
978979
1122037
2036138
1119170
930450
1211169
1280926
1094898
1207555
919896
1206992
1078121
1056727
1275248
2143543
1119525
1147851
1124410
1056076
1032820
999953
1297343
1494992
1224830
1418316
1364176
1049160
1264726
1481335
1218375
1383477
1227561
1597195
1077549
1461654
1028295
1041192
1059554
1033531
1072001
1034757
1160789
1067713
1122737
1134843
1358848
1858563
1071638
1070892
1088888
1071969
1272702
2133003
997166
1032911
1078067
1087539
1267427
1293259
1209925
1464568
1219541
1055545
1082496
1578778
1065142
1052465
1066360
1097077
1252944
1550892
1000323
1186394
1002617
1240143
893617
1219860
961734
1034531
1108126
939135
1227614
1708990
1001934
1148903
2445258
1343728
1246741
1491556
1111501
1080714
1227508
1398177
948142
1289760
1144223
1284251
1410024
1305252
1533998
1204115
1558637
1203785
1196349
2299588
1172073
1285460
1099019
1103028
1568060
1184068
1002419
1508102
1229151
1078876
1320940
984057
1058484
1064019
1226924
974619
1255869
1285550
6190229
970929
1452572
1172728
1138941
1073409
1130797
1049741
1221310
905303
845018
936548
1023425
1002782
927285
875652
865380
828325
937844
1055260
1072062
845962
1063210
1059957
1014082
1100498
1052599
1202609
1064790
808611
1029976
1553947
1217139
1267943
1654966
1042336
1156318
1119613
965084
1083653
1319853
995841
960522
1126599
1293603
1016694
1134906
1409705
1150502
1072166
1261884
1281545
1105204
1139748
941486
1148679
1034006
1186808
1065635
1097714
919738
1148105
1286156
1147105
1126592
1069765
1296043
1030810
1348847
1034997
1261510
1041888
1101366
1011078
1217961
1073474
1171389
1019102
1174164
1182068
1164499
1326674
1140774
1283008
1273989
2151515
1158692
1078866
1151085
1144314
1148033
1287632
1219193
943640
1305685
1606904
1154784
990194
1031369
924871
1511308
1284054
1107873
1507319
1045460
1294693
2421159
1343158
1414644
1113325
1227752
1024121
1141132
1268298
996866
1066881
1044489
1703712
1088789
1314507
991197
1239488
1622887
3171855
957551
1370168
990784
1185111
1030742
1514858
1010011
1540097
870725
1158403
1637595
1043675
1172897
1641044
1369350
1083917
926445
1035794
1229726
4359660
1011256
1330460
1106851
1303352
1510691
948759
1533371
1091721
1319271
1204285
1154954
1493617
1192296
1081822
944689
929054
1474542
2384285
1095950
1185902
1257931
1145222
1142582
1017080
1231051
1149306
1242647
1103844
1251734
1285447
1049451
1066505
1167213
882979
1544864
1112159
1653510
1023967
1078618
954697
1266897
1139003
1149744
1518860
1139185
1112841
1707897
1392462
1173880
1059118
1074006
1124431
1054752
1180144
2259331
1102814
2043761
1953994
1254853
1169430
1316921
1524082
1340330
995432
1277287
1409457
1255680
1493334
2315659
1200165
1673548
1539338
1135426
1620459
1313255
1364510
1400371
1487221
1596188
1457221
1257265
1520981
1583923
2454912
1202784
1309191
1434440
1202969
2099281
1025452
1396072
1673338
1199656
1733453
1170290
1403626
1294995
1551191
1214336
1449882
1077170
1644847
1132365
1155274
1277515
935109
1050201
1028836
1151885
1064422
1068755
1206748
1020124
2223834
1240132
1184622
1300351
1438786
1279540
1199048
960039
987357
1145076
1207914
880098
1178100
1064861
1439942
1220604
1602025
2243417
1465509
1088555
1135400
1046959
985059
1370956
1378726
1061885
1314243
1235662
1103156
2253973
1685921
1150883
1243721
1022095
1582366
1027670
1495385
1182074
1528359
1082047
1018751
1293680
1128125
1067695
1395961
1527426
1115438
1268125
1341793
1266817
1120323
1259650
1310801
1135522
1026987
1052777
982428
1069661
1303757
1221861
1443311
1336601
989826
1244213
1383681
1148720
967926
1024317
1446442
1444636
1361848
2068602
1072055
1796419
1491641
1244301
1299732
1248928
1291993
1566305
2322128
2671720
1261236
991531
1608694
1589268
1101422
1155516
1180944
1394010
1332454
1487699
1285674
2840664
2551713
1171700
1008013
996698
1102940
1107921
1360469
1598211
1282198
1366023
1451682
1565021
1683434
1170869
1062202
1020173
1090042
1106476
1103625
1064760
936658
1488194
1163390
1228886
1108324
1496768
1315663
1404239
1008286
1054011
1077640
1064266
1331603
1389620
1247361
1142892
1121111
1270785
1018290
1459401
1041214
1099971
1424897
1148825
1099851
1541305
1738268
1069451
1080534
1055511
1166033
1940533
1238107
1636148
1089075
1099436
1440362
1518181
1291750
1159852
1538649
1074254
1032276
1244996
1106013
1097082
1190750
1175659
1135111
1527210
1350190
1196043
1361271
1164564
1495597
1674508
1699255
977733
1455096
1907573
1786719
1925867
1292026
1127198
1113951
1466814
1136172
1134649
949428
1702608
1381998
1103532
1778104
1160587
1727768
1044060
1293960
1532136
1131257
1619793
1026132
1381186
1286104
983636
1132792
1365620
1139654
1492781
1114450
943807
1067861
2313532
2043993
982101
1277167
1218402
1495635
1092786
1095283
1096955
1288367
1671959
1018548
3388563
1615005
1224734
1216364
1868571
1480694
1418758
1239916
1873032
1387656
1439649
1879740
1243608
1640952
1061063
1360709
1544271
1492901
1310000
1368817
1882045
1390292
1723377
1095691
1562969
1075757
1204109
1457145
2345926
1501325
1465273
1444490
1715396
1321283
1449097
1342992
1429600
2297687
1775950
1647640
1095449
1295984
2701638
1641222
1889857
2968973
2001108
1113345
3089860
2930405
1683637
1148206
1362403
2672637
2232035
2046656
2970179
2036879
2655874
1762717
1534314
1598825
1630875
1996034
1712337
1490471
2366253
1453285
1542698
2001771
1319498
1325817
1172105
2204509
1212182
1385188
1461458
1387912
1723740
1342529
1736440
1740284
1627894
1431258
1165772
1938599
1696888
1423548
1426840
1118933
1700309
1159917
2940107
1020237
1298459
1144625
1301094
1135996
1278380
1062121
925456
1228311
1160111
1247666
1171585
1079094
1004464
1195028
1252411
2127841
951148
1091490
1288666
969069
1057002
1131346
1079790
978467
1739874
6695374
1624038
1237845
2364598
3425461
1004226
1314262
1400566
1054933
1298025
1266956
1178205
1461928
1111583
1306550
2225818
1185382
1227035
2057991
1690779
924980
1014641
1544133
973973
1128009
1334798
942605
2008013
2106969
1010415
1844653
1360060
1489652
1162239
1307608
933669
2188213
2157698
1456491
1775240
1365446
1567236
1608081
1177526
1896279
1219260
1368723
1885776
1323194
1331368
1445506
935480
1315227
1157624
1006616
993304
1188798
979210
1106175
1144309
1663412
1211703
1374447
1415813
1069886
1247903
1168784
1017070
1321222
1197676
1699900
1005092
944612
1432811
1039245
1025047
1850360
1152274
1099255
996821
1154143
1188505
1158167
1147149
1223024
1027322
1504681
1203834
1301429
1576988
1288186
1076079
1646065
2345559
1137494
1287962
1292282
1264081
1376082
1663703
1712709
1096261
1291582
1531501
1109812
1225087
1281783
1286077
1154093
1394935
934227
1122015
1078490
2322199
966269
1396300
2004055
1060470
983630
1100314
1347566
1146233
1056475
996129
1445311
1347023
1020529
965915
1241847
1281811
1185911
886351
955084
1243837
1077246
958463
1222596
985608
1269131
1043184
1225157
1118227
1249530
1133673
1058879
1983868
1302495
1217247
1087356
1169747
1129548
996920
1022888
2138353
1404439
1026071
1336567
1349947
1924855
1377570
1196026
976631
1357031
1051084
1065911
1084376
1230670
1122893
1190098
1171996
951085
1091116
1125406
1392533
1119888
1228247
2018370
2355359
1256957
1496246
1311702
971644
1734925
1195523
1354812
1599487
1163189
1450087
1612265
2295348
1582629
1511591
1130167
1698894
1355982
1327732
1271459
1271237
1470941
1710251
1592288
1192316
3578895
2335292
1405264
1221794
1298733
1192848
1201822
1487519
1354910
1220476
1026258
1231661
1161785
1713009
1163997
1027234
1103766
1129548
1049050
1078723
1232237
1119003
994308
1257983
1113693
1145190
1231416
1092116
1014803
985686
1143043
1010130
1575357
1188732
1167711
1105708
1548769
1331680
1167380
1087631
1288680
1040418
1259804
1233867
1011731
1247637
1537816
1202203
1283471
1061728
1118108
1121830
1128260
1365310
1011691
1184051
1169167
1146539
1258863
1389319
1090137
1144965
1320774
3755773
1079053
1306481
1596201
1238769
1517818
1032630
1362258
973242
1247761
1051795
2171641
1093196
1144594
1324888
1275472
1416336
2156456
1147302
1108297
1273816
1432853
1151058
1192192
1277323
1120207
1087603
1321576
1338492
1272309
1208004
993410
1401377
1084369
1275716
976405
1357452
1124616
1255998
1066154
1038447
1087540
1092880
1146039
1385207
1105567
1328375
1255779
1127892
1739881
1110640
1193846
1067026
1129800
2155995
1105837
1468222
1207853
1063477
1212727
1276494
1219259
1157517
1084263
1017727
1458450
943559
964383
1180804
1996052
1091868
1473816
1109192
1219077
1152720
1355557
1111016
1039442
1207426
980314
1085748
1093096
1372667
1140345
975398
1045111
1077977
1230789
1594867
1232062
1181073
1189232
1236852
1113568
1154380
1193880
1897029
1183473
1434271
1378887
1322726
1269462
1242970
1023717
1332628
1017621
981602
1033865
2063590
1048955
1475402
1240543
1317640
983396
1209464
1106327
1083009
1101076
1070722
1144035
1085670
1109357
1099707
1014114
1130003
1109384
919969
1840214
1148208
1026701
1204664
1148062
1055985
1142899
1183151
1036848
1139899
1124498
1131353
1057849
1351941
1262613
961994
1051533
1081547
1079259
1032687
1043816
2389552
1467503
1027870
1232481
979625
1336556
933288
1017067
1028402
1347933
1204680
1061489
1249272
2072623
1121115
1142588
2614604
1063002
905689
1281240
1459899
1369590
897308
1051579
1158070
1390503
1208504
1357798
1025518
2108938
942937
1044733
1324798
1395767
1127808
1083069
1020456
1070314
1061158
1102067
1335847
956717
1020195
1043340
1076877
1141110
969731
1316291
1080218
1362438
1112106
1128573
1142436
1160600
1553674
1132033
1131696
1202621
1071137
1464580
1081269
1257053
1125896
1108539
1274407
1175428
1413955
1570533
1171760
1225964
1135223
1271141
1011621
925914
1306269
974083
1359606
1524683
1054137
1032615
1105079
1419838
1256125
1103984
2556131
1388096
1988118
1154314
1249368
1518276
1257630
970609
1154665
1474600
1257535
2085997
1640532
3769269
1059918
1330309
1252414
993798
1510805
1424031
1424166
2230836
1054918
1113685
1007738
1208795
1277836
1214801
1130998
1393984
1789509
1270555
1247134
1945697
4779534
1064762
1201476
1228436
1251207
1171643
1583995
1510948
1095756
1763347
942258
1016271
1688083
1203730
1700119
1294541
1228264
1716196
1253642
1253589
950217
1152780
1207857
1191064
1166235
1457090
1375420
1307292
1262851
1070541
1104045
1075112
1510264
1293510
1773106
1571035
1110716
1038122
970855
1110415
1130791
1537853
1496256
1075341
1196575
1302583
1212354
1039618
1218828
1377982
1106966
1209088
1468474
1517902
1072832
1484278
1334637
1822618
993131
1262243
1073458
1173153
1383738
2466964
1278981
992867
1662634
1351495
1101621
1095297
1635257
1098730
1101523
1046467
1544621
1669485
1314958
1496998
1391850
1419860
1194977
1479717
1187633
1444579
1080612
1231301
973692
1127417
1329553
1893283
1169862
1362073
1139373
1137769
1254085
1312677
1167642
1862722
1260736
1282616
1224645
2428672
1364482
1080588
1079400
1177127
1536934
1235624
1254100
1350335
1151733
1123170
1046994
1358496
1438151
941346
1316171
1351038
1252618
1128895
1149856
1290192
1410787
1486170
1013850
1243723
1023973
1250498
1586839
1384919
1147740
1296223
1252681
1175650
1003209
1811704
1285476
1378272
1283350
3352727
1138848
1339704
1369634
1148121
1106078
1234164
1282371
1371098
1216066
1092428
1164107
1042432
1259131
1207359
1094404
1178557
1082205
1587615
1212541
1055096
1471204
2239605
2613360
1239707
1288663
1159584
2633044
1244557
1139186
3507911
1890698
1327374
1074634
1459204
1351690
1288858
2090347
1135628
1162972
1130778
1305983
1134877
1575759
2041989
1428437
1155542
1623141
