183177
178107
168899
198163
277772
204612
269824
175263
202848
157118
162753
158065
165891
337258
216032
174863
2926187
208532
349030
299254
182679
194498
219438
202219
172377
235594
200736
151408
741489
235058
224454
247611
239988
313196
290216
371617
306616
225785
253736
341613
260937
207337
225874
249215
273796
258438
240162
213890
239126
238413
243306
204646
197693
241427
247839
262757
165089
193096
202314
160985
208439
179523
169709
199409
254794
152494
334265
178786
158364
188498
223031
174188
205470
303411
234315
260853
208900
219861
180911
186907
266147
171814
191726
186232
181605
268485
336407
190333
192977
181594
201330
194542
194712
192430
191176
188329
221125
183426
188922
239098
610316
220478
186769
204361
229952
197224
180964
192611
294119
146068
206842
152471
165349
212375
182855
161756
178616
158680
193768
154521
168780
172678
172145
150772
210679
151549
271277
189206
228529
705063
358308
359454
335115
456575
161766
479973
248022
216185
188836
200609
209195
185167
293452
337715
330162
295332
215578
197220
188448
203065
201184
179887
246724
209282
197512
202769
190864
181603
192756
227880
185781
181572
193086
198182
194464
183940
174721
194411
234174
272110
198829
234267
246994
190868
221853
197224
243686
210851
207634
216183
201677
234055
269721
222345
185435
193166
229087
184180
302129
371659
340514
201015
405880
340487
184477
230973
753071
209844
285781
285131
252089
243232
214735
254067
468291
269168
311406
221770
287867
189222
216040
195387
202167
225795
242050
197469
196374
220062
188332
341101
306320
230313
231621
186490
188758
177943
194082
202431
190568
199347
183141
210398
214081
190091
218330
654600
372358
187693
162139
146534
165452
162396
165383
196795
1238292
1256653
1033928
1059868
230787
222372
268351
177523
158066
559748
516198
220216
189069
219635
210251
233352
669403
536924
572049
540256
217445
197813
202154
217282
205380
261464
209833
275549
216895
231087
212793
239717
216391
201576
354130
251988
221484
226390
211469
205275
235860
219418
196571
338525
255857
166304
239933
237510
278998
265375
336341
149766
148669
155045
168518
706749
952742
830514
186623
245209
1973748
695274
544829
573105
559789
561555
608093
546198
568037
579800
565967
571196
521767
245185
256239
276972
272303
330082
202122
275628
160637
232589
163686
193186
167929
193730
691891
577969
609673
592215
285383
304540
284174
240228
236829
256715
222685
214200
218129
168544
202659
364373
711531
426169
692326
860244
605867
612758
669971
673984
641757
612332
619902
635126
628311
681780
948831
732488
171043
227534
157950
392003
334149
374260
316229
340357
178488
156332
195273
249184
356361
208871
178428
196708
152788
178421
156494
205303
168811
162039
223976
173437
155509
209841
241281
167691
257754
159139
202376
312839
716831
164405
162190
153964
265055
342452
242853
362448
327805
333319
320284
303495
284449
352376
204791
167914
317899
359037
161534
224185
189661
376037
378266
377479
330831
284020
404614
315741
316117
272987
312638
384860
355393
393711
341245
322200
295548
339442
330850
271324
515961
293656
297165
157812
239573
196361
256878
208281
201146
1216008
212767
177976
167389
275624
216483
180207
164831
168138
153061
670955
1042082
514676
1163788
1074427
488597
544103
455718
431759
420681
445402
426973
446982
414593
414961
429564
442538
496619
427017
164779
160278
171304
556047
511454
166444
196572
232878
608414
625109
720981
642014
166625
185390
166685
211248
231340
197015
4463054
163468
262673
143625
175041
163458
152618
170034
150071
172495
140996
159236
164853
158745
190083
151886
175474
161592
147500
153753
300689
185927
191413
201796
144433
156492
180975
158688
172103
184683
157003
144970
173848
215719
704937
582220
614252
533847
583799
520777
548664
534973
521391
532923
575011
534165
543060
592919
586425
654803
611765
556375
512636
565522
564636
527677
571969
572475
625166
586864
664211
597770
715915
606712
717316
674941
597812
609215
674285
619678
622975
616327
651953
687493
601891
630376
604463
249435
212331
208840
249204
247901
247586
235329
217773
284559
242111
220152
245083
263743
208941
196363
226856
255991
307738
337688
358949
326070
215562
221232
233667
203410
266208
198863
213068
242021
196213
217651
229938
209167
212881
245811
211634
205132
217005
231006
263262
220376
214980
233165
220189
247427
239137
232682
217459
217538
314325
218569
200853
234400
237469
304738
305143
306179
299462
272964
248062
230754
303282
344233
234570
235295
235517
208456
222172
234203
262827
233334
441199
194429
262429
204618
244395
190457
268999
236060
286648
204681
269194
264313
265828
237644
224547
228965
238709
283145
209283
371181
347498
276471
222041
217517
253185
252241
288625
209675
271823
211419
195023
223222
197218
246584
224276
328107
276742
203271
239954
244806
234645
244752
249442
223417
326845
228418
233193
258118
221677
204267
238023
222047
272826
206407
260069
382390
337239
327199
249661
205154
229271
226420
195405
177099
161648
180826
173733
195070
223488
1056442
855838
213016
167077
295921
313652
162310
149045
244303
305694
219587
159877
156946
170907
244241
215855
147964
156514
208151
154635
897985
253921
199762
268262
216181
219415
193006
193581
191276
206763
153240
160039
181535
197412
176751
151980
185187
169450
167582
160088
202330
165554
148483
282038
188491
272317
212156
198398
199739
176955
322707
175201
186553
219712
181727
211810
167479
156278
194317
202181
170743
194744
182856
229720
188409
336429
161369
171135
266673
282098
221577
227306
220181
190664
207387
250848
333602
225645
224573
287725
238182
230240
191036
208352
211328
200682
570013
214897
306140
220079
188009
251244
227819
235847
199573
189320
239583
204088
210826
213989
215877
248507
209630
197950
445466
350322
272876
303264
323327
243870
152622
161525
155230
352180
156388
156032
204977
155518
164358
146317
178964
146408
152197
172170
137881
165337
181429
145852
233784
213294
210784
156927
200517
148648
150984
151031
183799
184206
178735
174708
172035
144716
152482
170025
172171
155813
161327
148956
195445
203490
155332
208803
179363
145628
169655
169865
227255
192957
174474
164205
188898
165538
157076
225417
166553
159136
161144
150032
178222
178801
178690
151140
156508
148672
196147
339603
184039
139234
154154
147648
956641
1177380
193061
173379
257162
201851
251529
177681
196894
209277
176631
219645
188032
181167
178664
175186
236317
174351
163175
160875
175825
154219
173140
189063
161536
231555
189417
157424
215617
166447
204105
166658
153405
187824
179969
176469
171676
163329
182484
169777
171813
167360
164384
197870
211307
227474
166707
163193
201103
211297
162881
160424
861849
606172
550331
582449
617950
588436
612979
623721
560302
546367
169985
153000
159097
182480
389657
150542
312541
172913
1284476
191430
206569
176173
286837
180133
254683
168555
171213
198244
159631
187097
225388
184341
190333
249245
173994
334561
304381
163226
257713
198748
439569
314577
194664
223566
156375
260269
174645
142983
170311
206034
176661
167303
245408
145195
181209
167041
168165
151557
155617
162148
184901
182462
217388
155937
186570
156548
163016
190188
170694
167346
147671
158457
165139
159556
197422
254303
170025
164676
176408
372973
393738
444476
374058
464159
450871
520884
414485
384711
3503348
2720519
2539180
403740
2924562
2863544
3082934
533899
313678
456652
343796
332874
358692
296949
295213
297281
1354589
216851
154838
177944
161736
209174
146721
255666
153406
2086105
640116
257996
1122397
2818673
389441
504543
638636
157182
1545499
204966
455847
313396
205259
153517
256540
208297
167081
169260
151013
150092
171002
189202
151900
179522
151666
235762
187299
210200
143947
238088
297271
338826
399451
316038
316930
153301
154409
166562
221955
167278
144373
167406
171473
192807
260650
178680
166185
271480
174136
174808
215858
250922
224651
239519
197973
146722
171590
430149
214264
149820
312385
158839
206411
309226
295686
196702
301873
190363
225662
236450
208009
220442
207114
292825
247723
245669
275645
260901
296452
258400
267106
306442
201186
340535
574154
367182
164504
169965
174951
198455
190112
154694
147220
196879
161782
152574
158103
177462
166183
146435
147556
163214
188728
158690
169303
224081
169955
233149
176484
194330
188716
160207
218426
406481
287528
279855
308856
282375
356929
386711
325607
299132
292331
313073
319263
307502
383709
322314
329143
321954
354407
291866
304269
315393
287109
305264
403020
334624
671956
604324
548278
566628
625599
556530
595526
594274
590460
239199
162728
157806
233460
163031
148103
173159
153972
175701
153704
154682
163592
206716
145370
151426
175074
166827
153900
204288
418802
162457
153037
149581
149671
173296
157366
149103
193432
163848
159478
186680
154673
185667
167654
229959
163701
163444
158234
147650
173200
167836
212861
154689
181742
178371
158752
215244
221715
203424
176395
164342
156372
170126
139204
181594
168363
183414
189172
181083
146892
150368
184062
164401
173223
196352
176173
184958
167938
152178
193231
248022
245552
161070
153587
147947
199204
171160
239963
146401
175314
192834
173687
180584
174366
175880
154786
204615
149594
155543
252353
146059
184505
197821
193467
165907
162740
310552
190277
191159
4090374
3888146
4010264
346931
343933
154071
160698
169799
339443
168933
188751
237781
317642
155707
192864
252143
223661
247116
191136
165759
197252
178708
154195
168614
168948
155403
155329
203788
167085
188648
191708
152213
152276
208519
171136
182944
197216
156338
181374
171016
222606
224336
156054
193390
1068507
177974
242157
444743
309112
195400
237410
167688
163503
176232
172535
184802
173775
184637
154114
162219
166884
782799
785514
396166
315421
684527
610839
739748
570174
568492
640179
556352
571958
566796
595346
192522
227711
678582
154716
175127
153554
211662
168589
176905
390533
178038
154740
168894
170909
183449
245374
412267
162442
268451
7481407
53714387
90244248
271254
163467
1662203
2129670
800314
804460
658247
673163
605715
561837
652500
600475
596688
701634
580570
597944
585704
591304
186901
192783
169685
216584
171527
181507
167934
191789
185257
264982
234262
206622
515694
5817010
1629004
1757694
259693
6471489
7290302
6529517
6103554
5571152
220836
357522
204117
220085
202398
192686
220961
230438
175964
542022
276164
232300
214445
252232
435450
3878490
3472073
3797290
3460521
3540489
1042608
396271
3507228
3450617
6427669
210853
211947
370676
199248
214232
297455
326252
189837
182162
180795
207158
171568
781752
182508
220374
410757
321637
313867
180349
195589
200501
163248
167297
533029
375628
891997
1011768
943541
180102
175261
202236
180287
156891
166967
233289
188481
443977
301287
10529491
1664244
220318
211330
222827
194672
274987
188436
159411
204389
213338
202906
231360
217781
170769
175284
201710
185553
218623
215372
155437
193701
228309
7925078
263497
161506
184129
195268
175708
183217
157104
258945
194390
194439
180750
174035
205450
169694
156432
164927
191350
201896
186968
165001
358668
228483
247620
167331
187517
160561
174885
260190
185114
191663
298559
333824
215709
156316
181882
617075
661219
4053411
307278
325315
347999
509255
298958
329177
856925
309015
322836
309360
308613
337877
293147
303951
310298
317983
318219
319483
250163
187434
166869
188116
196953
179957
210241
268323
180119
180614
185926
158087
175878
159722
172042
192659
225278
149205
154095
172133
190218
236903
433335
157835
712324
483271
404965
428877
455885
451943
418091
522231
459892
411755
417180
410886
455024
418699
475681
487731
440032
443259
412605
407219
428615
421718
428252
545987
406672
462609
216238
171951
208045
162896
184378
159785
164316
165447
160613
160614
599444
387416
172313
159185
204806
215439
171729
555396
386354
559404
234201
200817
456324
297690
300435
287969
445888
323192
334046
300070
293419
295791
322929
294416
290748
381982
294197
325885
306210
316281
324107
281387
289983
285077
301292
315820
352552
333010
295817
316690
413746
289492
289546
388850
302158
290326
321517
322681
326692
296738
324757
317789
312090
337277
3916699
1451046
1211752
1108552
1144913
1130039
2040060
2073082
2039630
2409254
2447746
2329283
4280476
439915
353186
307772
303556
913718
831412
685188
685103
663068
678160
736265
690875
728137
728376
692938
666386
756830
778351
744670
732919
706693
658671
940972
941529
2488420
2134800
2239593
2105858
2133548
2133258
214430
200927
213106
186707
247303
258162
205555
205620
215072
231803
186667
233594
192146
219908
492463
407408
366631
376496
3941336
3346068
612067
370922
432629
399721
635906
435552
387320
368220
758167
489091
373704
5479778
3574925
2062548
495270
203486
993388
2180847
1002499
277931
526649
384469
553137
460895
580218
393629
1552397
165609
295379
175473
256801
205331
367183
191834
304491
617684
554351
409956
411506
557572
393003
1528420
1327092
1393746
749108
549473
152798
22757180
22730225
5974768
6025778
7236857
6019784
9570323
9616329
6331143
188102
1894991
173030
622699
381416
1009422
661839
165439
166558
389724
348565
354710
324297
385989
512114
765497
614378
609668
915327
3206033
1137268
2089977
5605327
661039
437692
1054733
336986
3954865
229672
186792
166258
229430
245238
154674
193918
179626
183374
2180746
551023
426607
411480
671139
546550
309203
242442
260074
1538806
348799
316577
1635159
691791
1288134
220890
164470
168198
168905
162501
168277
182361
1522304
562921
422066
435235
452566
445290
636218
499071
443694
451851
473882
437021
439619
212643
197911
272379
267423
206081
233145
166213
197096
179270
321124
221067
183645
157971
182924
200044
242145
165343
207432
177559
166212
192148
249855
177034
199840
440245
192713
171453
183130
311898
230819
329597
167021
193415
342548
229498
222933
219473
198498
483421
247883
236970
232755
319912
201991
260821
246586
239818
209431
209626
226931
231480
351355
299127
304180
158724
156895
200576
169358
176384
307999
173180
187711
174642
261512
3825058
208112
156318
194849
291446
162672
615319
538127
513752
501769
192050
184902
194240
338112
151330
314582
219664
220057
178370
172691
370912
380351
4297952
177494
180746
169884
190829
184140
203563
200341
241738
151729
215229
546026
365512
339611
352081
382599
172159
205270
230427
237838
188305
7895220
232327
197829
198840
230607
195659
187457
195166
5911667
170992
246458
220443
164770
165689
236576
194210
336855
254648
231768
327452
192857
162147
176386
197793
149354
163671
204118
234673
215902
170826
178594
157808
224910
191200
221562
196661
167768
190008
205262
176796
211960
152947
208943
212834
223611
263265
241422
220583
186644
262067
200520
186579
2683606
6049347
3085873
186013
175612
180180
202563
163044
179463
288266
171801
238921
185136
213108
207274
279742
164175
210165
168118
181658
174313
243598
435257
17438165
4612210
4880442
3154717
2441484
2158040
1483300
289269
176453
817820
193943
209542
228532
224913
212562
186960
322046
195185
360401
30653139
244332
253835
208294
258826
264592
216321
182602
235912
212930
280154
162081
276396
230953
202317
300493
307675
218878
186332
201928
277062
182507
202617
184976
169481
163287
150275
161612
167047
164960
180258
337547
213596
159970
200825
159714
167488
215538
145376
189619
162292
164318
151461
154156
158207
212770
254624
447951
851395
631336
548896
571070
646361
538461
747320
4040884
250819
174566
266245
172326
214499
170028
170317
173814
178846
149087
158544
158748
211286
174032
226089
195277
202190
173636
165504
362992
205012
2892802
510034
358138
358877
352886
368246
371007
380667
353179
423587
328186
333675
170344
166819
956751
185322
189141
239973
153774
162689
661616
231786
209391
204222
172081
218769
192706
185599
175828
164551
211147
152219
171677
171583
149472
594323
473829
2393135
838335
2605519
2614396
158615
3111828
200628
2686020
2929264
276994
237020
232889
210147
291634
234560
244088
244599
179800
324926
243048
321605
165339
188343
164729
154823
201774
196366
162099
152889
208434
188814
196054
192824
214025
169221
192776
174041
2737267
2493093
2921179
2648979
3221386
2749414
2096534
830923
2337634
6165245
1238113
562603
439586
428514
407312
402403
590353
507791
429813
477193
421675
461858
423323
457317
481025
397407
412696
461805
516683
429348
420282
416314
435604
402410
442065
451465
422898
414887
400540
189886
190895
170581
198486
198031
171157
209535
216124
197841
204454
359956
171063
182015
196480
158099
197605
162962
267660
191935
3135162
2176618
206788
195502
184863
226380
203570
197662
207211
276296
233337
270260
189236
230641
208544
236941
199671
798688
613840
608347
410771
395807
413344
400161
366947
374407
372802
390411
416993
365939
393159
437982
382865
523076
356280
432638
378756
409274
474644
379469
431352
3953212
1115701
1095709
1069486
1067857
1141118
1097568
1048552
1093841
1344857
1140626
1060372
1068036
1065920
1087466
1033681
1156251
1074189
1116668
1483314
1100358
1262918
1112765
1142849
1116263
1073953
1060733
1124046
1054896
1140824
1059989
711854
2744480
850232
617668
3419289
461717
280364
4164796
1796865
1222753
1159591
1340032
448297
460106
485329
373090
181739
214178
190405
368939
389791
305326
383781
344211
329397
304572
334133
311699
331950
415402
547226
963817
198548
197533
180588
163875
191603
195695
184863
244728
175016
211549
152927
148817
208074
213445
181344
163562
235215
182072
265869
237045
201553
256684
233743
169378
161453
178959
213904
154485
215420
202953
172979
204874
193584
256394
159957
194908
178492
185139
168259
196314
173750
187357
210148
999730
968899
736003
760625
198067
527053
461369
322608
355484
502609
1042687
186668
155968
713582
187236
195347
215128
218922
382656
210202
265647
185142
188630
210737
159406
189268
167608
194272
187704
149471
283393
617863
449237
342320
197759
190363
201672
257934
212373
218029
239878
245567
204127
238081
268049
364578
186123
210007
228792
239287
235558
286260
408058
251483
16722005
2202089
22840119
787428
46179367
2310909
24213330
36479001
4480259
991220
838340
791443
784897
836832
809658
840755
854399
194857
204623
164906
284697
257887
167798
198396
177548
195650
245787
177911
208006
188279
170358
340514
210769
268487
157521
174952
190285
171020
223884
160442
179140
152857
177493
168685
217804
262754
172708
171446
177375
202422
162820
171931
198186
227900
461973
191788
202905
175415
156477
191263
177695
181579
189557
206643
204404
186306
271755
253753
175522
305847
230463
294928
186632
282052
197852
197667
2215616
486391
462752
1092447
588668
489777
472960
422428
223237
231756
283388
246854
280153
623947
11570225
20977719
7630562
3390309
24629062
4251502
3602218
3803123
5526088
2960572
2533311
2410893
2533157
2526815
2079747
62078351
57236217
202522
153536
365428
366835
254878
247275
174990
221489
59662162
8365014
4026034
24493382
17682829
1107816
1349397
171220
13756195
1245404
962296
67749208
6546951
3627637
24224467
815541
177366
212170
220079
7806844
12998073
1348908
591846
850096
258312
386109
759182
321052
379994
341515
580350
397382
230448
274195
206331
182924
217476
249161
7450225
203037
238179
209547
221131
221191
214219
188165
257668
204509
166953
171132
182636
161620
160225
198447
200498
175219
178298
159832
190180
260438
219396
215621
151496
199199
194646
187448
209751
222239
235706
175719
565249
220143
231569
235633
279669
230000
211420
341409
193905
218359
190948
254096
303769
247196
179522
205301
176048
161496
222658
220724
239191
197541
285867
235114
200448
174200
191797
196401
184495
233883
246725
192449
231643
165029
597745
365961
351266
363044
373809
348456
395232
385628
328930
362511
380850
361522
418879
414468
403168
452713
348532
353969
362809
376068
388076
169436
159300
203875
172150
170517
152961
5306813
7027727
2584539
197922
173953
146240
164082
170217
173279
229791
154381
191940
190918
189183
161547
204052
173747
2488001
276279
335280
234467
193498
226627
195493
180327
190400
181400
173382
169313
212322
157509
187842
233150
194242
183269
184151
226465
218884
193266
157460
196400
179837
203574
240991
171700
192899
177430
213952
235902
183719
207153
202790
172664
167046
221680
200678
257380
194577
197342
165682
212371
189596
169541
164984
188690
189962
178748
194678
172963
188243
2057834
2020860
2982660
2561741
2455790
2774157
993673
789379
339559
234356
345814
295368
241247
267106
291791
262649
231016
298941
284445
235868
220436
260334
272992
233024
334517
369870
439343
285370
281732
279848
267681
297695
249606
240382
288433
293460
301638
283751
310514
312703
288414
305614
279969
297031
263693
355316
350298
313760
407846
360886
350499
545838
579270
284999
316735
262476
242057
184573
190392
206701
173564
187222
166569
192427
177729
204897
169806
214701
207005
202990
279743
183083
193031
182271
202741
189365
186961
171044
265397
190870
170262
268915
332993
327244
196192
409687
188566
218743
204870
216564
202304
198520
222818
217245
288492
2966900
1382825
4063500
3652724
3703035
192429
170391
861066
190614
295429
259618
192334
209544
214499
227980
187599
311530
284270
209724
250506
204970
188523
218887
314034
182033
319288
188807
267972
204604
253277
240593
243795
195596
211764
189571
181339
208345
200816
214540
329784
307842
264622
222712
208494
235246
187420
197882
217708
336289
1540966
7151552
7734369
8178311
224195
172344
281707
166106
171416
172852
212135
166698
179049
165158
155524
150678
173975
231185
167809
159244
214325
187876
254563
202075
185348
162496
172332
177089
179590
170736
244184
213729
257593
344433
192335
253369
232622
178638
178789
162999
184301
190645
226726
309430
176913
168991
201632
157063
250730
182954
169002
205250
167011
190879
166069
145178
216524
244969
175631
258509
204131
250861
222031
209435
232131
183583
1370723
180249
184654
161548
176804
303226
165448
215880
178189
216222
241980
182373
176951
227908
243926
224173
221080
159684
172024
194070
196226
226961
195419
203311
156901
177834
150196
1900721
242280
231548
480930
193109
233739
187537
191915
187606
211577
275012
179268
188459
170060
176880
167788
163241
167569
288094
207945
168816
165844
159814
174829
220309
166865
225590
221684
174428
197636
161359
223510
177125
178477
164364
392835
223763
191777
180151
202541
960847
341278
208925
264093
202191
239605
223075
337952
208129
200174
235255
255449
3420181
195189
300933
225896
209915
242618
174228
217507
354267
179073
220181
233724
172126
187943
173718
289282
191331
218941
211393
1188128
239665
198129
200856
235405
244880
254926
233262
278971
274311
203914
188864
241340
255606
274874
177556
252586
252828
199428
266049
253196
166965
183842
223850
222831
193835
244963
283252
259932
247320
185075
191677
227251
237628
344747
263928
271366
221110
317950
166649
243429
171726
172854
161083
210120
213917
257495
238605
595391
289109
225821
385834
166777
404218
2927922
150189
7040674
2355622
810532
210064
183007
213900
208879
181633
164845
219572
297517
186669
164589
161294
158069
270154
659040
460662
340432
413000
207631
200945
207276
182385
205747
216422
208883
185177
202499
192096
209387
189888
188983
170559
216852
244460
201746
185499
167239
167274
203328
192562
216385
322566
4238016
4092413
4020167
2417114
294154
186416
237102
174093
166736
169241
162378
5235091
595954
169034
404972
177137
187012
191593
184216
205452
201682
240613
233472
233494
208387
175852
189125
240934
179234
210918
185768
179644
175465
176659
247257
225796
279734
223848
261611
194364
230991
163175
221352
204729
708457
315156
200596
256891
180951
173510
561989
206024
163357
163812
234878
274597
197731
206190
197506
242477
424082
193999
198109
234588
201846
162076
1868166
146925
190476
359855
176874
367739
247490
347668
244747
201410
198670
206312
209316
186854
203796
226923
239789
194574
338969
235309
337237
209098
177279
177461
257024
195160
196451
217290
183805
184031
179028
238108
204260
183022
189994
176393
184557
203249
177415
257590
293787
183851
286230
184611
212703
214732
220681
192918
207824
205343
278759
201215
187177
183760
179190
252661
494305
335668
196844
179124
208435
215090
214783
281514
193892
444426
245090
255042
7257447
339596
6997955
7787552
7537478
2216682
679786
275271
611449
994053
789870
871721
986840
927878
1092971
1427899
1114679
925871
807447
827143
901266
800211
904232
1262676
758916
1724045
669346
350426
4273156
3749122
3719031
3988062
4697128
3747351
3728754
3797097
3751247
3693181
5064380
5115444
3918208
466804
288157
284553
687305
573259
513845
380897
427871
877304
556197
518455
485650
525081
490487
200028
230246
257834
204740
218120
233439
205564
198777
232754
631174
306061
206822
391899
205854
308759
249057
228477
225902
476840
1001254
334831
322422
275687
286109
268695
351469
314854
405341
444894
414628
316598
307697
429194
505609
371601
286894
272324
258003
169760
169954
440235
253302
264640
1406132
295457
217656
244891
297210
278377
211993
311684
323669
307095
822959
366180
291141
453352
366101
348962
305295
383593
343977
357051
504960
377327
275964
298133
280836
286454
342323
426060
509529
202237
208847
200174
17873097
1689835
2658274
3351666
3227593
1228016
23878844
3968370
1457311
6078254
9883218
593299
599701
611376
3589351
447174
445725
394640
419413
4721577
7842150
243229
1554877
400846
287213
1295844
241276
956250
554646
221732
411536
229079
227985
356943
223046
252458
226142
230901
21526882
814662
203461
219002
281819
251977
234599
210139
203890
315575
223322
225374
237391
264141
229696
275254
239143
272364
214510
262886
1000577
280298
271371
1276910
214447
232862
259288
211522
209866
223787
212590
248876
284699
246142
237243
239326
235511
325870
289408
228572
285374
229346
232495
250989
198408
235121
244578
282533
252826
335011
267726
242352
244661
245453
315350
214950
258442
302519
256325
300624
481402
252936
216469
256365
400960
231674
349447
226008
280613
247502
239450
219382
256362
321622
323918
236332
228682
273488
338705
231317
241755
284495
245534
292955
249326
219884
275578
226317
268354
320696
276206
251555
240668
231135
233079
242844
1962953
224203
1546639
280067
366842
2773628
1610044
214006
257038
383300
1177463
250710
4696715
3740467
1184885
229222
218866
2447568
3988473
11887577
1054599
216650
728644
220100
231730
175728
154457
157065
442900
10788631
304163
24827040
12337685
3089058
187211
165005
230330
296309
285877
229155
253697
591382
255960
261136
246897
296056
275860
239805
272832
256944
268394
264803
256091
246211
303654
313385
249126
236421
255461
293481
329388
237410
347409
507760
265305
240253
254129
251550
255411
311057
319008
269693
246960
253213
324642
252643
6894237
790024
811161
1164007
424537
1243682
449365
499323
226630
2417653
427260
3376147
4510289
443353
326932
464790
1591562
538608
157051
194892
184390
234572
201839
194165
166574
191188
175424
180118
273794
175175
180413
188133
197753
735748
174070
483375
205771
159630
208991
293253
391880
201856
217316
404787
258485
4923292
4488468
6814174
457902
962214
2304187
339574
371251
439369
222266
465443
1023063
286332
214378
180555
203163
249888
250919
185083
294864
165429
255727
253080
494561
199900
210335
226145
209605
210586
146908
187142
183189
667487
559022
3436938
3041827
4425100
4182319
4558425
210720
600687
9431383
755469
32658550
13096944
72692761
17333090
2154319
1652004
2493654
1092852
19103210
633193
18574323
16185918
970972
761192
840326
815760
579467
37677140
80162702
3617534
611713
190597
243402
947368
31921992
6418054
179022
268645
169448
219983
183434
246635
225850
11762063
35929437
8007139
7357274
14027553
19501374
25173796
11000342
6916618
79977152
409315
52387400
305346
220006
10927045
21267049
6129731
23142044
16505263
6154198
14017962
6632365
17084058
12881553
6573551
24881099
21693678
7683133
6024853
17046367
2354726
1400393
1475985
2276993
3053151
337206
12759101
1932369
1263673
299756
238795
241845
259133
282981
241362
230487
193726
679827
269844
40472116
25253425
12474192
633761
32623338
1538811
624518
1247094
1213370
3502226
1798323
1287302
695219
187560
173045
275213
255902
276796
1851206
546108
43804763
7242398
5355485
4894727
10655731
2635064
4679379
1245552
212261
215514
176902
231624
1483007
653905
226606
11420558
4603317
6885514
5027641
4926799
277347
362831
5905016
23127117
30631951
8518307
159399
163608
224783
1565301
2524149
191519
183050
218542
798762
499640
338704
466404
397584
229301
157290
193548
211633
180747
221437
225609
193892
211234
202565
339566
204449
313281
178805
159907
221424
323344
578357
189292
161814
217871
171322
180436
177927
821934
203175
206171
372797
320327
320296
1279202
968450
928026
976232
1013796
909996
1085099
879650
909872
882131
932382
961210
961904
945551
1044922
973857
407169
336582
294780
314841
1286109
2342355
531648
492462
783480
602023
451909
465029
431079
163431
157296
268595
201094
1748507
1338651
1931087
992094
947637
952447
4858204
198527
4715719
5930896
5734310
4919713
1048056
728152
225253
221926
182993
638128
447357
445800
427741
516267
472664
442975
449825
433446
437419
585563
459738
442672
257477
184415
186789
220762
182126
201372
261737
245652
211478
203672
285630
165420
168960
335585
167570
196802
225463
237768
303085
582754
432763
464838
432390
566691
508251
640154
460814
544598
474693
520461
494756
464715
1900860
855347
186361
246574
1924973
1654321
1745600
201923
195341
203998
324408
233970
233259
286218
7536648
2855501
551482
446836
342389
310235
322718
262850
228855
240688
379106
235465
1066303
1021641
793778
755908
482780
417658
415848
295728
303742
284652
269331
252828
237172
264181
234021
279074
264909
264049
246037
249969
231606
492429
223306
336919
296212
516048
4004977
573291
1513679
512216
1710407
449937
493317
489572
414120
328577
620261
413590
915828
449144
1422372
5665582
3989795
4049695
448327
325245
380010
443591
403501
4044586
184559
476871
434960
489236
339335
544972
573377
470608
453195
399467
513305
250304
525343
399810
439414
448120
429756
429030
420592
461743
436955
417386
1189328
1036151
732828
768414
771310
796961
531919
530676
556787
574231
527655
536159
163231
174089
618641
544182
799050
550457
424249
456644
2697096
12278398
1914960
195460
248219
676619
186393
514361
170548
179590
252333
180644
172110
178645
175954
253682
4984415
220291
14567528
19993738
3640036
18249164
14047816
2129380
12348458
7953611
38332790
829759
291563
230095
207314
193954
166113
230928
217541
194765
255219
187806
237145
244579
333769
354559
184416
309286
295390
262157
184464
385950
216382
218137
222058
878011
850991
338951
10958280
248952
247503
21221391
2252743
905063
351072
308716
349829
258757
308600
1891726
173335
252630
208281
213390
263396
223568
152353
183934
203253
199299
149127
1863838
1046748
995247
1008410
993447
1012897
168912
248671
658725
1397721
194340
175219
333615
207568
259515
175624
195520
221721
278892
169583
178088
170251
248531
164222
277799
194255
269214
185410
178839
161496
157413
255910
197980
158047
162866
184589
193434
208097
214038
185191
168967
184024
198826
223132
226664
191543
212447
184757
204530
185677
180820
212286
470796
177859
312225
197146
184495
205954
197154
182629
211761
228678
239248
220370
230786
1111908
1342692
347534
331921
291462
277622
406755
358256
4181380
3603124
227411
883684
731509
738647
931094
752790
417499
404352
554458
308096
223883
181625
248946
180858
206696
187024
195437
203798
212959
202485
173474
174118
270572
227431
237593
218195
199387
185224
257360
210834
203345
271509
505312
171336
195249
188961
227739
401357
248922
194102
450682
259773
161179
1224232
178101
191541
198503
187314
169301
170407
1260791
198261
237080
195828
199690
253401
177019
2011642
1041024
668393
481457
3906027
662629
621197
439967
391144
382055
361565
368270
389132
387672
367956
372153
409105
445824
457771
446723
445491
385561
444326
418943
384360
381811
504996
382006
814154
749973
577684
441486
446493
367089
447967
1728136
1543238
1348303
1805301
1652218
1496169
1337013
1704495
