2281075
3341372
139813
143608
151544
6097
146462
143674
175994
148086
148718
153000
3222988
3218220
156461
157337
161681
166156
146679
149467
148129
149613
151057
164972
148020
150138
149683
160481
150330
154821
157471
159723
186117
243700
168178
3328503
6555941
2102991
251763
150064
712888
599723
394133
400271
1076094
959540
1146041
864902
269706
2508606
312873
154076
151642
148873
148071
149396
149326
156555
148308
151334
146434
152864
143082
155897
150877
150163
148378
153722
151421
145352
156597
155372
152683
157643
151282
149105
150765
149013
146358
153083
164103
146365
150158
153416
749496
787143
461837
156937
2632032
149309
150160
149414
272540
238335
155931
148425
166069
151693
162587
254038
153723
147550
482526
148972
162919
150912
262825
150553
291840
3502231
284264
142016
145219
143827
142172
250017
153172
3594951
3579007
3451586
3461907
3469007
3467777
158520
147416
146940
145441
140843
146552
142642
149097
146341
141884
137955
146943
148494
154367
147085
144218
146313
152548
154244
143899
157405
150208
150908
153176
683295
151180
139536
147584
161959
212788
157854
141721
139093
140608
165326
137063
139005
138337
143356
142351
150024
149999
150873
147839
165017
2620931
2525114
2747098
2176998
2009925
2029220
1971165
2119388
2071577
146238
3427807
3294432
2718983
159404
137411
157480
2558721
2207276
3987
184264
155051
147604
158318
158717
157483
150862
191754
153728
158333
148169
166476
3954
164774
102886072
995185
564787
533269
94123126
93146876
2271303
254568
167802
160618
155031
162925
168020
150811
147942
158857
156045
157764
159891
151776
163526
156805
157465
3469272
153378
154922
158928
149868
2690430
277442
160251
144695
137861
146883
3941
4817
136736
147370
247426
175467
142721
148360
147391
151189
139784
148937
149764
140799
151974
183047
140001
144328
151841
138391
4161
144082
153589
166128
4078
154165
139586
138712
142581
8988
5483
159635
163443
236566
148362
157483
158062
153886
4907
4155
145464
144410
139514
136738
144856
151056
175240
138239
150847
135517
139383
150735
5090
4529
3927
4686
143776
4074
171671
157633
145273
160322
156610
200279
237500
237899
9162
201493
172942
195587
11506
204153
154866
194504
5127
2616859
907008
179760
167386
191242
6009
4127
4129
172706
162296
197328
183555
167634
168124
158352
152377
156480
2660548
4507
2394792
2194144
2164590
3128251
2345575
2378274
2173022
2469269
9293
5297
338796
202231
169275
164071
191624
155025
157938
178111
166255
153989
158359
155424
172372
169245
159526
159966
151542
172986
177264
159651
154152
165363
160614
163100
179179
151355
156372
155126
185486
159817
2688028
2060574
2016116
284060
10080
4222
4240
155461
5270
5614
346960
176909
138933
958112
169642
148234
149317
157335
166438
159309
889766
136671
144212
155073
167660
169503
155978
163261
2740636
262643
159119
326505
295525
275149
175522
159570
173644
151138
5330
148866
157852
4633
146009
150240
153709
146381
161499
152438
4272
166630
147337
153985
154509
152327
139447
150689
160878
154469
159543
3330510
2819871
4295
4656
4300
4368
139300
224798
185358
154798
211992
223048
208570
188365
227190
188103
201318
4624
139675
160345
168222
19880285
4072
3660854
9793
5197
4652
165645
4815
4133
5239
6203
4460
4632
4667
4304
4462
3724
4801
4079
4166
4619
4161
4295
4939
4420
4275
4081
3896
136185
5076
221775
4577
4025
239717
150495
146723
153210
148774
160142
151704
153671
141341
153427
148939
147446
4448
252338
275939
314944
76216754
140067
182163
171783
4650040
142489
148179
147403
140779
143068
145144
139933
145704
145842
140680
158689
145723
140205
165754
153270
4626
4620
4456
4624
874280
5237
145569
149855
161698
148839
139724
5264
3604372
2013898
2003038
2005610
258655
155085
4680
5097
4158
4278
4263
160666
209559
5073
313961
2029870
129280338
856005
31734498
5096871
1281230
32855512
602411
26952
1896201
4333
147177
142656
305620
147313
148921
136424
152679
6083285
3372831
5454
224877
139453
326426
152049
566485
264942
186906
152937
250888
169377
173551
138935
139084
163474
33136696
139157
143108
143117
143825
140696
277006
222817
139432
4439
4286
8163913
3542569
3460747
1320154
734785
62974
3613543
44263
53440
3678557
26921
764009
26742
210613
3423571
3324219
3165851
2759454
334312
3616610
750313
678646
1028569
268254
211672
195862
191737
199057
200983
190639
200294
198997
204172
193507
190612
4099960
365198
12009546
355098
12715909
12701861
8076
322193
234833
194165
12729896
12763775
1245950
689554
1177509
762528
639108
664064
683097
666303
695300
666007
699020
674468
753756
205292
207177
197391
202703
195987
197313
201372
191273
203272
202619
209034
198336
184243
202060
188012
203608
196731
3237329
2632388
2537297
3962669
243603
222947
202484
212067
41285869
390794
474742
392809
352836
228941
3377949
19338376
205069
203945
210666
183156
3367876
211868
188588
184180
329286
428186
191229
410088
3235102
699259
194421
393636
403374
385988
292008
400887
402346
515791
736439
375414
369951
375761
354795
832901
584149
434177
352926
180005
266086
379362
440459
187996
195541
212342
325045
200448
6474
7756
5519
2136580
244122
196963
201798
191223
194678
198186
5071
7299
398329
190605
194833
214284
187064
6550
197952
198007
195299
198197
197235
201257
210962
190047
216042
229950
207995
209495
186428
180601
195237
198480
202365
201568
207810
5600728
428536
3456011
220053
205155
209407
8897242
7441947
193098
372928
391191
12127293
12042697
386813
275807
3524240
5529
351395
23906
12345912
265535
11085990
2690111
2617977
2601529
2565880
2565813
73922
26313
26111
25049
382740
220393
312897
323406
223431
220897
200844
205750
211377
7973
623889
203970
204657
215159
197497
198652
186829
205735
198682
194156
228702
194330
7492
211258
210149
207402
232409
4852926
12041
6137
11831
7993
6865
372193
237442
242822
199029
253387
221444
235787
229553
229638
226847
224820
228745
240418
233353
241442
223978
237458
256016
236241
238910
229386
217687
237366
206354
231970
236468
217233
230016
226994
204165
227152
235426
248379
239555
229237
200339
200189
3636446
2822278
187929
194735
210285
196883
208665
199253
214107
214326
190023
204422
201249
196922
688190
200887
3351253
4417615
4264288
4510256
2578763
2650051
2641966
690043
219216
189714
201082
6567
211331
199122
230505
8511
10533
378309
344504
488127
831683
9775
19088840
240709
220005
9955
7489
7054
7102
198337
6819
7718
6917
8406
7211
6132
6943
8244
6330
8537
6502
228599
7727
203962
200214
259167
8185
345478
12220104
12753262
12231227
188882
222977
6207876
1099650
963779
79775
2832828
78659
2968073
306006
231622
226067
205320
186126
197758
195023
189425
185065
191571
187089
185432
186437
199426
210208
192784
190477
196067
190903
187840
6663
6879
190388
6868
6364
6703
5894
6480
6880
6332
6698
192355
5794
7112
191939
193517
218403
191934
194254
195425
311780
293570
3096149
2524960
363810
190157
199455
206471
333715
290770
204053
204045
188320
194736
12177257
369925
260101
189041
194111
415248
364548
341331
206652
227131
294447
220271
355579
202094
210354
181368
7029
208341
196504
203186
188273
200729
209194
196783
204747
227559
221541
202093
198752
192301
181797
12869562
317505
308190
232635
9157
184896
360453
232016
207183
220595
260442
405562
858999
493797
27273
189829
8035
9258
370020
489107
488702
445201
480626
447876
431174
372488
452007
381212
6420
334171
224769
355161
322416
191935
275138
481068
420791
222386
286141
196718
2784068
2861951
673055
749820
255848
256628
409237
561584
390640
189046
207723
255240
243831
228416
231207
255905
242370
248700
231062
280642
223389
270589
380943
7058
340386
420058
260452
202568
337012
203759
223869
197663
205980
202334
196557
188957
192609
211948
209865
196278
8959189
467729
206931
216693
356937
3536957
2861150
2762832
274903
180118
201670
200853
236312
3520112
187808
202863
189710
193890
188559
195332
203220
213982
193231
183428
379412
220372
370873
298769
609528
373908
180491
210067
191923
193280
188292
364746
253159
200249
202504
404751
212455
336653
226011
230916
288052
213800
198415
18973233
3270863
356058
202330
206556
195420
196108
199311
213439
198364
218677
189711
201046
200963
196831
207514
215556
195963
194050
197178
212203
196189
195639
211717
183377
209112
197359
207386
211617
193569
232150
196618
194675
212478
209095
217578
181300
196698
196698
186625
211519
186839
192096
197331
199582
195731
191726
191753
201780
196474
204258
196436
201076
201425
185549
200937
202676
209446
218590
204395
183922
207075
201565
192134
205404
206533
325282
324616
291025
205416
197495
213617
189660
204582
189310
195874
371396
888250
197354
189495
195137
212352
201163
355798
202271
205805
318444
271384
209224
207541
203885
242608
205240
229725
288290
200647
195625
202152
6411
8918
7886
192361
198684
189998
235728
199398
188073
3812503
207407
6757
7850
6553
7821
7609
24365
327295
189817
5112620
2672436
2633168
2633146
2598246
320574
235100
446214
288540
6394434
1097034
5553989
653685
306437
372119
332997
283324
9891594
75858
5672796
408507
626929
450722
977875
1025289
41008954
29666
940373
613192
508327
551415
480306
395725
483811
363861
279512
215637
236676
239549
190291
198788
204013
339963
268562
200697
202445
192790
191048
198995
197654
198879
189137
192075
204830
192352
185111
197632
191747
186364
242274
182513
191455
192499
199821
252440
190386
197493
216104
214236
262211
218440
6011
429254
213384
195814
362285
331931
344207
338065
355578
230210
1377924
395827
250749
438701
223006
352269
399299
304937
207497
522066
3277098
1263239
699968
430798
292736
618098
317518
1405953
2174761
1340701
770076
845816
620474
621412
2364913
3844938
3967157
263515
821159
382424
210868
208882
201361
202320
191738
193424
201265
394573
37444
381944
738326
370387
250026
210186
208928
202082
203804
206292
381150
399910
894525
659121
1575471
240455604
1378222
1207789
31497489
37715836
37002040
231920536
1373773
641791
193726
303816
41969610
43680170
42402624
43277865
340717
385316
363047
352391
327951
202696
256535
204777
222165
215124
202922
212629
189138
198469
205573
195305
198303
224074
181764
203381
186082
46719
1518968
6900219
872874
642788
47491
51805
72891
3769369
3676626
3765931
192318
340444
239297
193284
200346
197107
195028
201339
207124
193504
191139
183789
193470
1466840
1145346
730192
841305
862549
454260
1264969
925223
20443205
3280113
1246870
892955
783747
692032
431683
388847
1377480
1119597
21348
10134
237873
354459
1010097
4675484
42256551
47744175
340557
266838
201227
307709
385351
19446668
389813
370868
1343822
398469
312868
203248
360438
190164
412440
19918497
382744
226374
341859
366852
480107
346508
368374
419564
381258
349685
6085
31474
10273
10348
8694
11341
7023
5465
5800
202299
192149
208376
5437
184811
5955
5500783
4909513
9841943
7717163
49494929
57866862
402180
186611
207490
184765
201886
201947
7191
26903
5702
6582
5925
5997
11865
11420
7093
8883
342201
7376
420270
379581
382646
392790
434176
335746
461939
215715
378993
6418
9558
258941
294122
318141
203962
205163
191537
198546
198268
189852
189315
314657
212388
236612
204447
193724
185764
338432
202023
193029
348278
307690
233772
207162
252273
295552
345035
218299
202299
222139
212454
214817
273930
210201
235065
729382
270959
249979
373433
262006
205866
224862
377952
215299
191462
193330
208835
205326
196307
190547
246978
191671
187538
199343
330648
62595
6931
363426
8579
6570
6521
7157
6929
6700
19315543
1174822
207047
7626
24629
183761
380243
190125
214518
293302
3615245
333365
203464
204270
207219
195116
193306
189460
213089
215070
200914
294552
209335
196673
232706
196793
391144
200076
194745
274008
200382
15347
8424
683908
348884
6325
10248
703801
452973
7974
7817
15268
5956
11865
368513
249715
212822
8205
265238
211249
245946
230889
226298
234959
224321
177356
226533
242067
231188
239749
231916
231914
207207
206549
202851
293593
198056
190596
197884
228780
190481
200565
194542
218806
204151
201591
221180
241742
212208
207414
8928
319553
200951
195472
205887
237602
8944
7423
6881
372021
7537
190285
267705
375778
350071
196014
198442
315794
385438
5372150
5918688
5429533
270894
583816
358469
315537
190593
190392
196032
194598
191342
1062544
1034972
215741
832637
188625
4298636
3465940
3201231
3874579
5126018
573487
215892
195846
386253
270221
200330
209797
208757
6398
7563
6302
225266
8069
402014
294345
334675
296057
454569
434211
228604
264063
349522
387362
292344
373302
374251
393050
321414
331417
207462
228054
212814
444004
338657
852578
460336
403608
442260
210350
229170
209917
219792
214819
215826
229533
392624
207544
210927
203426
196694
203639
778225
649628
386445
668834
658595
302379
408171
393558
6578627
214375
409414
349105
395400
198339
197414
200773
211461
405788
201899
457019
214069
199533
207562
356117
4428026
374070
242716
34963363
10506278
3762847
332114
3970577
210374
201266
221274
683462
699063
615162
796870
369155
1067500
468492
209608
1219376
258596
2980108
2636138
330679
190780
203027
9828529
32710320
358546
183638
233951
247802
325974
199088
204497
3262677
3021422
2656587
7133
197303
346930
228424
202706
341220
246694
216564
314579
208025
34449583
187362
189839
378192
225191
227092
351133
3600088
2234967
1905721
1927665
1917454
3102795
2665902
2980765
5154200
444250
3634812
387025
348472
206738
516726
3757776
28633198
357627
384155
4747413
334861
13705
7567
9311
374762
3387005
334838
191001
219728
192440
1102585
455253
27278
8206
477467
8214
501202
366613
1770560
5822535
903070
270362
68926029
4968483
45921748
19902135
52256551
15339966
1223405
232136
850667
254831
263174
222195
237943
214552
288046
226232
204477
223754
271051
264727
289922
394205
405645
225836
270954
223613
290568
250489
278403
1393750
1157465
5445964
4358679
54227388
33929
114620
242475
306498
1412825
5012577
479925
27856
62623
36823
665885
5815838
467392
15251836
329579
305454
2927393
3935218
257421
847692
6349592
3140595
279260
498591
354132
3114691
3093633
352648
247520
2249746
1750176
296620
316356
339891
15432508
5946305
6623772
7694738
9090338
5730939
5635412
5837429
4311306
6079865
4698912
5290085
5627407
5002628
1460392
955849
367894
958372
322888
212910
295479
2202094
347730
781347
349077
4724634
828475
1261445
10328185
6635
405319
407929
247734
420787
395038
277386
268488
644532
812577
5296878
1028044
1518376
1827587
11200137
233944
15721811
17880655
8254
452410
291713
485453
222032
462639
4039200
245603
200957
192936
198909
194627
201211
2435742
5478709
84823721
25569
116975944
1002849
426772
400185
525813
335692
423887
215400
230576
217274
699738
357040
205712
231209
199044
311841
3845795
3957657
2892679
343208
220178
10054
483735
273940
216679
597731
337754
389322
351773
86723458
80258861
6339
283775
379326
654930
391017
303613
194398
190730
197002
195392
200385
213466
269766
196909
470033
341115
213518
212753
197148
194551
3524532
75753
225856
207855
359500
246031
192562
3502220
403652
236588
229344
205180
200830
207685
534191754
338677
14637
15794
11098
3539968
196540
444259
475595
91117024
8512
8011
457056
197041
208249
212339
326399
4716716
2719195
356460
209703
383944
295134
7821
7343
238008
8562104
7883
332057
11363458
196779
6805
6439
369254
209913
3661992
3486973
2699934
2673328
2773387
246614
356746
195435
8906
3521637
337065
185672
221049
195655
199596
3542648
2737425
202430
205203
185818
6711
6150
12130
232981
3495760
8371538
986884
10588161
7119941
6263487
4587730
5007671
4248487
4091510
4245646
4182776
4582387
5715973
5341887
4449504
3783741
3921426
3511233
3040762
6414231
3306950
8876332
4608352
3531059
3439062
2691009
2756098
3375279
338058
195686
198604
30263873
335287
192944
11928476
2659034
2668450
2832856
2667588
2737942
810486
332724
313901
374013
3518203
2692791
750544
591154
657328
373363
335208
269294
291501
2829155
2337830
392616
1731681
377047
359341
2349015
372954
379714
291583
354977
332799
3057962
427892
4282036
5313883
1985288
5403017
4402730
6017462
521775
370712
408325
445964
1842448
365602
326907
305360
385168
4338268
75414359
13138778
7011939
5551000
15885423
1531072
3455932
280448
237137
371753
314121
231707
473079
207713
78116107
379907
219267
275865
290450
318868
290769
292063
291640
240616
1545938
28229263
19685336
3022527
2915459
2922857
339054
9685811
6329277
702147
365020
200520
351592
245819
242871
295363
349054
357093
209014
3542294
3024301
3281784
380344
6855
231712
214514
227390
224758
7940
379092
210342
294434
3497097
208813
190844
197224
3495477
2807879
2772887
376259
3675175
3043113
201638
344296
347427
4018751
3387837
197485
266135
367656
195204
202664
207429
190913
208284
196202
198366
254917
6072
6145
6587
11050
6118
6760
9054
345046
3208350
357738
209820
181530
370222
7076
7026
6789
200995
191411
3431682
2712306
2712691
2722897
2742907
2781564
337340
212531
2858231
197037
7458
6354
7196
6382
217228
199473
197547
215132
205585
194689
184714
192867
207042
208238
204618
200275
211305
193496
195945
208465
199153
201655
194490
189316
191651
200648
191774
207356
187067
196239
184097
224172
192695
201908
198590
191092
200236
197282
7196
5958
193227
210360
377682
7708
4115051
8761610
3767994
3323147
3245066
380904
5190625
3363046
392164
3705973
3218916
65473
39866
206186
3502506
9363052
9385590
8846694
9096331
6545796
7148364
5887010
6215427
2899383
2805590
2812338
2793781
5208663
2796343
2910775
2975963
2934672
224968
198626
3533258
3155184
399643
3295855
231996
215307
19463544
216898
11135
280865
407944
272322
377025
378023
301882
346319
21132816
389238
8076
371270
7060
423735
15898502
382469
6334
10106
328250
195454
3600926
42102
414776
292562
4739466
431397
269186
334527
287743
198952
196646
214143
261795
238559
200786
212478
194001
103417
4999138
3280983
4977837
360730
3299286
3297788
3028348
3796032
3736135
3463000
3661268
3339248
3117208
3363616
223949
3400661
5862974
3387486
2876566
2822846
3108524
3663537
3403681
3324646
2771980
3853514
107382
4491120
1015152
1111180
704423
49364
4231103
22442580
4256534
209387
223760
2163366
13717532
18716973
968171
428997
695171
6808359
19097
948406
704189
727812
626865
14448142
686291
10624938
782368
56264873
20875794
1321920
81918440
27320746
23056100
9509653
996239
3599767
2273730
140658744
3392684
4581182
3617015
1216923
1559588
2069262
959817
985943
863795
1206922
1779149
982696
1025443
710034
1156359
743740
1868428
587553
2976126
568857
540024
731623
756467
545955
27103896
154037
1301714
1099193
575987
233933
212598
279049
233962
346658
254362
240034
236543
210333
213261
277742
272077
215943
207943
234498
223006
246407
243450
5306801
3330254
408536
917099
696645
669099
662021
821583
774948
1422877
1597306
1333943
655282
717559
659284
781370
678615
660527
1403242
720437
661318
643353
700541
685088
648041
686503
660891
856648
680916
673406
674396
671159
286044
2855769
602393
550939
4159840
538980
5943373
3253997
1275648
17585415
17702595
12959867
805883
852001
1742098
14897683
1363401
273592
509854
353092
422032
312123
26019458
7159354
716409
8788181
6694162
2865130
37972
93223
396138
29901412
2432424
40823
43073
2279612
4563010
1070286
4247325
1955096
39679
2081865
637680
4152783
655220
265950
221875
388427
6090710
3752220
221107
283070
4359154
20331637
1738531
257713
1824389
370578
402402
347044
434385
256122
248581
283000
1604077
1412991
748243
646361
231715
241077
217134
1772624
749066
1926029
1852280
1367312
4200028
416760
133161752
88849992
91834832
10442497
174173
212813
6320
6608
7973
394210
7823
573610
701079
596508
12697
408641
7400
6783
354860
285207
265229
199015
195608
251291
215634
527601
43085
6919
6101
17993
403192
8754
40569
215602
725781
403052
41203
211250
385736
398927
524501
7444846
197584
543702
642905
218663
374921
317913
252242
6048903
425167
238423
206744
216809
208984
221146
215409
200851
439941
223216
50811
50691
42812
71964
36140
33206
41742
4712156
59797
1156107
698565
634656
489177
449219
316446
236955
265011
227581
296700
656742
273683
235641
256180
368935
258723
275051
230669
242731
480256
8097
208609
3332000
333685
336403
231932
189399
194046
406504
7012
661009
201209
382421
372972
444374
389255
194494
201118
226053
594755
349194
211239
1092115
471198
336629
406971
219766
241075
453266
471773
337043
449155
427885
1160381
489092
792800
721083
23801
13326
1429358
1619858
2144559
24471
773204
433080
396700
388261
31160221
356934
1564694
37715
119950119
2401130
93645
3514412
1942730
2518526
1469968
1825959
20613
881443
631382
550962
490616
17112
771594
925454
1639134
37427
33277
32190
82515
39338
303454
34078
577582
1298522
913895
520662
634850
591881
4940356
2307993
961916
514108
958150
725265
216640
818003
569131
943283
524219
573124
393256
1383293
4836112
2226869
34987560
30236267
586854
975759
61379
86362606
516692
697074
497155
343806
1875115
1440212
3367573
282122
806896
1462295
647719
2367230
2694033
1781696
490778
499782
674792
1101519
420493
877260
628859
21167804
305929
377371757
787398
16940
7169266
48102726
35675
927384
849855
6453007
1002249
252421
1235659
1263716
635060
518582
915829
736735
2326553
1073907
760788
400374
1172330
772060
624645
548682
104251
57114
24442
49302
75916
4144041
963909
1403317
32978921
1959534
602143
594175
567362
667490
920809
809229
882623
1213491
53737793
122148
37799
1301036
785189
1555210
1818119
1634553
566289
986786
2006434
1034200
1770446
727635
403934
627914
1177596
989883
424801
676564
31120
681626
1195169
1300739
1882199
5066358
1678519
1925444
406183
880431
212601
53219
3747369
17038933
11937504
1872992
32291664
2657241
89986261
26683220
2063620
38957970
34577888
2095997
38662460
35442537
713054
32503168
2069085
3841355
1320654
1687178
23233824
15015212
16115
17043
36412
62508
42058
929191
1772442
53741
13332
22687
1675142
1663288
53328293
21421870
8067143
12016138
4241226
5947094
11434355
2626980
5782228
7649892
5323689
34270208
3905357
557830
6932103
66348
3868477
2046348
2577595
2292047
3554470
1838828
1953397
4574590
108824
65488352
3026136
5830415
11803101
64860971
45988205
31090445
37658566
36997483
34192306
27348097
3891896
2890493
3259355
32206440
3066939
44590635
1859420
34086396
27100174
2794563
3572891
1841792
2035934
4904021
6762179
4098515
4678748
5066277
6636049
3168763
2851253
2791303
1741451
3931351
2662933
906978
2058209
1293951
1380768
1587889
1363659
1428978
1330094
1715499
829732
962518
2315966
963405
1711399
1104772
965225
1576387
1193907
1207969
58776070
999692
1078102
1091190
1491933
2450597
1210238
60657071
5021040
1181442
806279
3218163
2072827
748489
566881
654082
367133
3922346
6091886
635401
2628029
67829888
3189439
24876
19399
7589340
4188487
804824
2671718
2114396
4303700
3190796
2184915
861108
3546025
809835
1995439
1677582
608493
931746
4784854
4035386
4194433
1647958
4119592
2511535
2506701
11341526
850716
9525824
1408291
958044
1301922
1210017
2631772
3408557
178805
20516
4908113
1319870
2330282
1922894
2959775
1336686
2271869
240055
3027357
2665747
2875249
2948440
1403766
5071961
3931053
1248418
1186495
3078713
1048785
3902834
948129
1269578
1103519
6325121
1130754
1254091
289015
975399
861148
997308
338813
953901
275561
3527899
1135639
21107556
754986
775760
1582867
3508706
1795812
1772991
1974294
552409165
1772041
33656636
14865836
580014
1706241
2358529
1218880
712334
860127
1276891
88942426
27428720
538226
570255
631371
2119024
1047330
1953459
1576892
1464516
996580
1930437
1286726
1270726
735349
1063557
1152169
1441504
929390
1236799
1113131
2383824
2524662
1283615
294816
1290286
1295582
1537998
1279665
1054242
1337960
671975
1217325
248374
1975986
1505366
3036596
3159153
2759307
1807088
1441554
2488269
3965118
945794
3931777
529868
1425997
985772
1487248
306524
522643
1911509
1295547
2041567
874504
895969
763294
39952
8043867
1508695
5935280
2990526
66818
192422
1675608
4015456
313751
3072185
21776
2267477
2416976
3909938
2720594
103595
25213
137867
1974306
1219366
4265408
1311190
4473421
6279158
7981047
2703329
2207556
3101258
4919538
1779555
3016542
13782009
5772940
3776541
319978
5425476
3094837
1231876
2026730
974188
2608648
2554093
2396577
2094404
14351
9798
59939
838886
940152
1306186
19158
135429
1677329
415018
575215
2681044
251451
11106018
10576108
783770
1207968
1688206
1284778
2524389
1257860
4343624
2258957
3679557
1732761
2947741
1710311
861487
1745241
1454774
1416064
275476
2892877
1716026
1414030
1508615
805779
1569973
1653042
2312698
3808924
2535813
2770366
838418
1539798
1790544
3092109
1965148
1713899
2407941
2048854
22804765
22587274
28505250
731284
19307711
859989
20673053
2929859
6399180
20700918
22323730
14690258
17771835
15767242
164971511
18196390
26109655
701533
2610952
44400197
44816203
2793962
3371522
628688
3165560
948740
636371
1960096
664839
3268165
747541
792629
17565
2149615
1535682
1236810
2005017
1510564
1121206
1202804
22584341
2524412
1528145
2469788
2340244
2764961
2086938
1248916
1768421
32622499
2795613
2837663
2657024
1397295
1134999
2076970
3093860
3595008
1737448
2874285
2551825
2681330
1144017
2709616
1582152
425098
1273878
19549
831639
45957159
13642581
776888
2298255
2518931
1275229
2144614
2424295
1183763
301548
1854595
70208015195
1751020
2881356
636907
1397919
3236069
1354453
2086226
1380378
1029256
4174155
775080
775099
637974
1188576
948251
2472249
1032935
196446148
1667045
963856
436496
293769
1553900
1224553
1176180
1508569
1017255
722951
16267264
3299213
220476832
3628745
9538699
336679
31474350
1288323
8042723
4661633
2489462
383082
6417
208495
751392
472321
378044
242811
216348
203067
5571378
1573488
652977
405870
414363
386746
206248
204132
199782
195131
185289
198168
188904
198829
207193
197587
189564
250817
486693
201706
191585
194009
364132
6868
7447
348994
378860
463473
400039
361168
455603
340233
562821
269961
208474
417048
465670
446436
493625
7075
222853
438868
249641
407258
338937
360239
264084
456421
389237
467829
421687
530295
229943
235639
235257
428543
433258
214894
201624
202017
190029
201421
191247
384646
194618
252152
196669
206650
333298
9313
395917
281676
208901
18233159
200058
343983
192387
470078
912486
535636
206867
377126
31249394
236477
329294
192087
234937
199908
206173
198281
5236130
419489
205036
197520
381224
543680
229721
495886
678017
292159
248826
236953
203328
343770
200419
200882
3953975
323481
443546
192839
5039910
9666978
4913377
434855
1064386
451086
252361
519222
307022
382813
220285
328983
416531
327635
486459
196214
195470
457269
418515
306065
210297
204523
207353
211415
248483
2098787
196320
213653
196308
297798
240000
218258
213747
241582
242106
242576
233427
209120
366445
222766
289713
384530
393678
263127
227015
189809
366703
216929
193632
6393
397705
322077
317522
324961
200593
257299
202001
5286071
609908
226215
539939
891173
5479821
2977788
245558
29372
48719871
139109026
421168
1346912
231550
557378
600821
455460
421117
664376
376759
218039
240091
242970
204790
204914
3479529
229665
380158
204041
206475
345279
209504
259843
329461
198725
200591
320991
383284
8352645
333604
397553
196759
386759
204369
429487
388520
412206
250518
347840
6111
7196
7688
6680
7344
11597
9093
7185
6868
7603
8260
12359
359906
83755420
214048
325496
422205
210486
362454
304419
380573
3563479
391997
394785
224668
206106
198720
7632
201809
208855
200823
197703
223995
273431
246694
285855
1287088
1057450
206811
186963
199623
201538
408410
393292
219290
195729
225564
321986
214378
206378
357229
364477
216333
209242
205991
356257
226522
194772
200356
206130
346182
317195
189558
355641
336655
347081
313489
369884
495168
458406
334130
335992
37305
208874
201866
196320
190080
3506876
70070
661786
738616
708512
626767
242354
296444
378182
369484
340550
5324
12295
187862
201542
4673900
196077
258671
1492926
6985289
6308390
4570955
12004880
825050
468735
389663
372119
381368
425737
600071
693909
810380
323834
4401262
133864
234776
197384
245748
239234
209756
344730
207138
242327
432520
543198
428011
518085
302503
214743
201871
219543
390104
251259
208774
212702
585018
195785
209600
196472
209417
359716
225157
206393
205934
205725
188958
421356
605167
221674
212003
373200
8118
209062
512113
745710
4485596
260460
1043184
199552
197608
195278
3229360
2763417
1159067
329062
192762
249486
186950
195861
197752
210238
5732
3523711
251379
202048
1164440
211814
619097
3037615
194736
220805
193883
196661
195001
192460
256191
264852
208286
3719344
3650792
3360037
2924496
3213266
2826946
3368987
2973421
3759582
392600
236887
207016
250345
1713857
8193943
8215658
221181
3451537
267883
249387
3548871
363062
243493
197392
193783
351268
202082
200187
207049
319319
270154
232131
299375
1938476
367713
491938
368908
386478
634407
488859
3984722
989147
1186825
360304
667056
691472
631925
542140
497431
455866
542292
398454
421879
594880
700152
411505
530923
345689
366467
351233
354331
414274
9922982
11368669
12429681
244630
243267
302182
278277
393346
347441
351171
297981
600573
310207
797947
382704
464511
19811452
16651977
651633
951274775
714146
1914846
199176
284825
410842
317123
1528341
398462
227032
276889
250974
348560
248232
5547634
447999
217382
4092100
729051
4143232
537790
8764303
2094274
5723879
6977724
358453
24864080
33750748
3872780
236642
261117
345969
337303
577693
349895
412913
2996621
3446903
3958576
1166915
2484264
3302385
32873905
11220064
225373
3756392
256035
48624465
3717227
320761
4285308
62549592
419336
359422
389577
222184
40402087
13591281
11504604
7101562
6477741
4052537
1633626
889219
16857328
8781090
10807000
1077556
1243890
1414024
4095779
1040882
2859491
3446637
2155859
2035974
1536331
439158
2499340
396188
2324672
758724
27872582
6921097
1706221
14776913
293513
632997
302841
611049
887760
740247
5064635
8240705
28869697
7283078
7554493
933396
2297563
4888149
3071208
2637320
1071288
612647
1258676
371775
297681
231365
402559
5511503
20219136
3811989
859811
295058
2004319
1446728
2032256
1720964
1876454
4632936
1183550
1205387
2375957
449150
22660080
701030
332259
317240
6619719
2774489
2797429
2738127
2742526
2777452
2760074
2803189
2799121
2774740
2739763
2788455
2854121
3269832
5886
220512
309323
377971
3437997
295273
193250
414776
3607124
325391
840622
2165706
426383
455462
302205
271465
1275538
220678
325702
4857903
3167375
2051023
274841
218482
198136
210437
190905
206245
203367
207036
286836
229039
204345
204201
216493
422784
408539
338612
216407
411075
604196
747658
489694
1075454
185320
334208
213164
394653
195897
83580594
311796
209121
548599
255951
211047
196585
261254
351221
351136
333331
360493
402235
190703
839078
209250
8858468
290194
205945
194670
202769
8958991
394500
327008
5310068
369612
9279928
211582
321204
387763
213557
189787
200381
193407
198095
198716
194207
207882
220785
188463
196411
197499
202063
190436
204591
194241
194764
221000
211426
197021
193157
193830
199058
205426
200513
190936
193946
206060
402550
4600067
390140
392929
242986
213112
393377
203551
381630
366036
336338
336859
209668
375207
376207
334202
215137
188963
216858
381313
391631
364307
419641
329164
648059
349770
590497
587446
206548
338670
401978
261838
202602
285297
227625
585910
417194
375082
650083
663160
405568
201370
411768
441389
542678
578662
965144
9057589
732091
487873
576181
543647
503754
591598
409041
895993
4090864
1539107
887045
792821
803723
737587
953369
819668
665528
974777
833901
854250
919241
1563356
1601687
1122205
813960
1659167
997468
911908
984859
1387314
532815
837689
478530
640771
355939
629238
931765
347748
346522
371264
249820
243553
340645
389682
366385
232418
224852
205857
250496
186730
209933
5763683
4496627
4000161
4065787
216394
1113702
1179644
1215975
330066
376864
3994035
4608178
1131469
1236990
1016579
3785768
1091214
696716
1033102
1299718
2040047
1088011
14959737
691735
