1595627
416055
387840
1600828
1652073
1749651
399239
379287
385753
388735
384524
385321
379186
382481
380855
389974
3840302
3997055
146458
144938
1010621
1012173
1052369
1039628
2642360
683263
321074
170755
158797
163471
1222665
556581
714229
715221
2044583
1896723
1757687
1762027
1766189
138278
90262
83143
83030
84257
85264
83763
83408
95164
81738
81003
84716
80499
81162
87240
84015
87226
83997
84232
80773
80514
84796
81862
85722
287748
479540
244279
4374916
4422737
4607150
4507492
4455350
4579754
413735
380140
1267469
1220563
1767835
1902418
106362
122931
161516
190305
195177
134444
132580
72853
98924
96278
79036
100188
94096
96657
93728
100776
94912
99434
111780
77371
99802
83557
114053
104962
97012
104711
226057
94751
118908
95756
120297
314206
700141
557286
490866
89845
91326
93252
93894
138384
159555
148620
97353
105649
161426
117338
84608
101477
79481
107594
106319
109756
108279
107214
108320
112740
106219
1243929
1101334
1087509
1068647
1101845
114091
93565
98457
97582
94326
97184
89874
91748
29254
6428586
6620492
6662497
10745642
7145044
8889527
652813
6672540
6664355
112353
93183
91856
88812
87486
83381
88444
86638
88539
6582770
112512
113968
6628138
102855
124979
160660
116891
134834
102883
90601
90922
99264
94284
114157
91357
92353
91413
93101
90423
95379
96447
94165
92205
95454
102154
90774
91793
89795
89969
90359
92212
96314
89665
92600
93378
114049
110323
108007
107335
108592
610746
108194
115576
106651
2331355
2286055
1139506
1106172
1135105
1136081
2559121
110705
4819315
98990
2507492
2864329
3154772
3234542
389096
692031
683656
705857
751759
69906
72237
1944204
2076254
1348764
402870
1885048
1624107
2389258
2243855
1651501
1615782
385547
398293
396445
1651180
404853
403940
407029
472787
449893
399580
406820
402739
399072
407926
408270
399028
414860
408799
1664085
1718122
1722399
1657847
1672763
2144215
1905753
1715588
1661682
1707534
1971644
1651013
1711267
1636809
1656310
1652386
1671518
1717594
1651130
1632170
1730606
2229807
1672414
393468
402173
455140
447626
438588
451616
445928
449219
436849
440414
437245
450151
441524
431252
439344
387982
407726
405382
91590
146465
416963
980632
983322
6759572
1452507
1232824
1259211
1245003
1298834
90234
77728
70397
506828
485042
487580
479129
505733
478690
490985
487971
493731
503253
477876
481867
580619
490023
466694
484868
489066
1011766
1002323
601758
467637
1441956
1421722
1407845
1429185
1395748
1449227
1428549
1447947
1415941
1407427
1426072
1408414
1404153
1389744
1404667
1425272
1429853
1406466
1462577
989762
1074786
1046434
1024631
994246
1403378
1446928
1399630
1418454
1393101
1456903
1400169
1403781
1392894
1386970
1389617
1381199
85171
69911
73182
67419
173161
148710
154929
145187
144285
145287
144193
843550
76011
53568
55787
55305
52744
82431
57004
56452
54826
58670
52493
53907
52657
52574
52811
50812
55435
52791
91467
64206
71294
63015
55057
62689
7673020
8196107
2407509
387969
1593937
395310
1929704
379338
392000
1591129
379852
421331
394524
419256
396690
394755
1597846
384811
953699
1077179
74788
76517
996722
981303
989198
1020371
1004300
996783
991516
1023643
987585
1011943
1000319
990872
121889
111251
91626
128951
107740
109091
110312
105338
109052
111146
107471
117427
105642
108402
105962
108209
105594
105419
107425
109649
105740
112585
109996
106299
108782
103585
105104
107737
105030
109172
105760
102674
102782
112339
105717
104700
136583
105095
107026
108501
103422
102283
111845
105381
102567
110402
104565
105995
109666
105242
105520
103145
102971
105922
105051
105238
72400
1736179
1543380
1513687
1033052
1057691
1031579
1504213
1503550
1018691
5782656
7604490
2510669
695144
766232
746570
735766
114278
63091
60490
88267
61548
61268
62811
63360
1261687
80996
82552
81366
81105
85737
82511
81539
81000
86235
87076
88305
88410
94232
84434
92657
6627947
611004
607307
603225
596540
598227
493988
559303
1057818
576274
577118
143161
135308
103635
12226
11017
15439
15448
12936
14040
12556
15470
13273
12870
98640
104625
84949
325419
445173
5172161
430364
402081
418127
452057
456929
436204
440839
442772
426469
428546
426824
434387
444387
462952
457826
502424
450894
453633
448906
404300
461679
423079
427798
388273
420296
432744
426890
373544
394139
379018
375174
377263
380665
375358
375397
411317
378897
437365
427284
385068
382398
379801
381867
374709
379965
386462
379133
117615
396442
796719
266572
168113
388707
140252
144064
238417
178949
188972
159854
169023
172708
159268
159950
172095
179493
155819
172612
93962
95218
74580
93805
263864
90484
92540
137714
94312
87217
105031
107188
121448
96493
81856
99479
92303
83412
110163
85343
94966
89321
90671
396402
6729097
159897
911906
955309
900732
190439
6764719
7087842
2428525
1265874
1167367
281622
305414
896087
858617
889390
106309
93019
97951
93491
92451
99716
95435
94068
92265
93095
95405
95427
95222
96708
87080
85106
84823
84093
88770
83802
86579
112712
92997
95563
93248
7648326
7472428
11057630
968178
988670
985249
1000196
973588
988504
983658
965650
1003811
973523
938284
936059
929407
133836
113036
1834217
1746245
1660323
162258
6337030
6217369
439041
394352
390328
399396
384698
394861
389580
396402
398074
378807
384198
393394
399257
393865
409210
395609
383406
379000
390849
429092
388648
399739
385237
14740
15616
402561
394138
398797
399902
394881
403267
404203
402481
89822
98626
89895
94863
91298
92116
95602
91748
92184
98286
96119
93411
94117
90546
90627
91940
92548
88468
93244
88316
178214
199722
100671
87070
105917
93100
92076
89765
97221
88149
97908
293215
129161
119429
125739
123858
129039
128671
164780
134172
125729
140588
252875
161934
709485
1128877
47803
99567
90471
87702
54757
85671
55499
52053
92101
89823
88638
64658
90918
57626
96361
85714
92402
276158
77310
277057
257629
151185
102670
127179
108515
65032
68492
65081
88479
92033
30124
65464
63589
63906
62686
63137
66301
63504
63623
88743
97493
91203
1000225
1410492
1316961
490467
1027140
443548
168744
93663
116357
456082
1496115
124552
123473
103134
96791
1042157
1075080
1043230
232054
191997
696845
704677
695032
706200
120006
119881
115668
116515
1205718
448149
38206
18336
14054
14680
17819
16000
14408
14720
14658
14089
13424
13757
14361
15648
25659
22056
17909
40610
27313
15652
35693
16143
37984
17937
25936
6491655
5565660
4849116
4690282
4979809
1922190
9869514
2085429
5184148
9422559
3877662
5278092
4206752
170890
106234
149830
79356
8156783
1359464
191975
122570
2946796
2815158
2789686
1550409
1487670
1570395
1722604
24351
21356
22740
26249
23963
34418
59034
29914
21172
29470
29308
34250
24828
27830
30406
30680
43358
51513
1742486
220813
263466
113769
135780
137557
155717
99125
103720
92598
97183
92576
102754
165690
118373
120039
105514
117105
117100
99598
5484357
8342883
126321
126397
125511
129746
123368
127883
128422
124979
123474
7551188
1516055
1507097
1432280
1427983
142409
106425
1396225
117003
98061
95009
540086
353087
345401
354258
359987
361120
354475
355529
348355
347273
341894
348827
352763
355139
346585
358857
366709
342280
350266
345925
363625
351990
359342
388146
358406
354101
22916
25628
22398
23621
21708
33129
33787
23014
29653
26053
24416
22248
49428
27143
25127
28537
29023
35244
24939
124551
32174
28196
23767
25982
38142
31524
42299
23179
254482
192888
200696
201885
1164638
1719413
1568401
1548685
104355
94314
206749
182819
168525
174732
183152
155173
184151
171343
182257
206857
217134
234090
202924
280179
185702
190595
175942
278162
325238
703591
579859
389837
640712
1708835
1871725
3051037
2760695
1686593
1676968
1626115
1893111
1917822
2408338
3261631
2782111
6553217
5433606
1629943
1690698
1688634
1682547
1649961
1414697
1453598
1399583
1388975
1386156
229216
157182
162181
1147003
2311193
2070781
2052062
2126426
1942186
1861174
1616195
1552947
1711406
1692815
449043
2430818
1575914
470195
4363105
3859065
1622816
1858077
1847466
1968049
2879274
1951897
1677644
5884801
7812610
7279514
7404026
16864912
7543000
10221846
9590020
11029359
12110947
1587026
1739541
1593129
1644622
1503583
1658223
1597309
1623952
2826578
1776149
2347071
1985312
187369
203248
1846384
1804210
1787177
1759753
1824403
1701279
76279
141058
2483693
2496977
2497698
2514777
2471608
2472040
256945
620588
1223989
1223029
1224555
1192394
1204739
1207253
1218885
1253154
1216570
1195274
1208882
1216306
28058128
3311421
2978925
5623750
5517312
1428225
1504059
1428590
21832
52244
42985
47894
49303
47217
42805
49614
52758
52488
61122
46125
66215
64637
63499
75283
68441
58479
83544
1700205
1628830
1535878
1739410
1744383
1956009
32484
54948
1888395
2002153
2229843
2445853
2675552
1829639
1645119
7724691
1688404
1690645
1706252
1655161
1657293
1617501
2371258
3375808
3007037
3283993
3079847
1389792
1398006
1368399
1390659
1406138
2684477
3576203
203448
30560973
44819142
44018130
356558
351621
346357
333821
365831
358877
355602
359147
421909
359429
345981
365573
364027
347913
345631
346454
339106
350358
570008
355022
1689281
1487302
1499066
1427429
1479199
1510616
1442734
1397219
1416148
1404453
1408550
1394604
1403122
1390982
1401711
1472748
1595517
1411751
1397411
1407528
1387341
1398259
1480261
1424958
1446016
39600
1495494
1492748
1548606
1551960
1496790
1539355
1511241
1461914
1497289
1506613
1508680
1445639
1439451
1494845
1502814
1505111
1501211
1500015
1493344
1543779
1529649
762526
477264
473398
454669
462182
458098
533061
522720
517732
492856
478048
471585
465608
466258
473380
471202
475692
468461
466394
467594
519026
479800
479331
3239541
3347992
3398603
69522
506447
1674207
557105
918555
1697971
845145
833015
1692738
4499215
1825534
1785317
1693428
4654099
2303485
24777106
1657056
33303076
24837943
39525352
25118933
1654767
1662500
1737481
1619571
1684913
2950091
3006951
3289049
3053634
1688169
1739433
1660428
1777198
1437063
1427956
1458777
1423621
1447019
1440503
1470334
1449990
1432373
1440485
1436154
1414093
853413
118063
108433
110434
723825
655152
716296
725357
701916
725841
629958
723375
693955
694711
753544
688169
743669
705287
688741
655420
685657
653936
685750
712448
710040
1155340
1213982
1513811
1760608
1526560
1556972
1532563
1557762
319888
645450
1392880
93302
123950
141566
123158
116457
35280537
101197
62616440
3625949
8115662
5545559
6299878
99596
111317
190224
1288126
3164323
5979636
4152665
3836913
4518465
8796386
3417308
2857846
2623953
10114446
319400
282355
309683
225931
297847
270058
244923
295289
338048
290828
251230
241033
263696
221487
226358
306557
290179
263633
2205675
793708
1297262
1372161
1244850
1264591
773816
2182088
1895995
2001401
2192606
2086703
2018096
2169944
1977736
2080831
2179530
2114497
2064520
2645964
2089996
2105689
2218882
392942
336296
351582
326038
530805
774192
2558494
278161
347765
306806
452328
725018
2286500
474879
347916
419137
2159719
2419271
2366174
359965
2487008
2105435
2140159
1954227
2050045
2060861
2300569
2065090
1918432
1899908
2071707
2096875
2178240
2033274
2161965
2164421
1862731
2222346
304215
221359
230310
221297
221214
237191
230806
242591
223195
230046
150194
3780498
7605478
6927632
9953044
8205679
10951514
11155388
1046544
962949
1166817
6205457
6755055
1001843
12204036
6282605
7532382
6872104
7261470
14003591
1310335
9018509
9860517
2486341
6417581
881709
922603
644679
897734
940172
880912
913849
939570
868507
2589685
2477766
2347678
2518658
2562228
2448715
2522661
2462278
2435060
2484197
2435508
2592416
2308864
2488813
2408156
3189817
3387517
2619759
2405737
2481330
2320265
2459730
2548058
2436223
2402257
2372874
2518061
2416425
2437258
2557273
2416666
2415670
2560559
2478365
2419604
2461144
2544538
2355798
2359340
2448640
2414411
2520422
2294762
2563660
2502083
2377909
2564115
2413123
2486497
2402086
2593259
2444292
2349413
2187365
2514749
2539583
2446872
2412001
260752
2465294
2373176
3182194
2370569
2298813
2321097
2378602
3236092
6083488
7374447
7095846
9974625
6800774
4576402
4742031
6801785
10498475
72242
76764
8329903
25885625
26218570
47851274
50435535
49031532
607633
52524555
523764
481783
516169
471350
567700
63660426
453733
60720996
56735577
312880
287828
270167
284156
269725
268166
256889
279930
269607
272768
291516
268256
270951
283850
283655
272063
294528
307207
267655
296226
297809
257847
263591
264403
263932
281700
280589
275582
295215
307446
2976226
3107437
1623762
48427466
154947
125569
900327
988262
1006717
1162457
10605007
5101128
5157377
5599469
5168736
5831046
5295762
4731263
5206695
5173597
4982274
5717505
5473151
9778980
10621697
11008830
10353854
10290981
12600648
987717
1132246
2076487
2045944
1912639
906993
1083834
1079289
1195751
1652025
910568
937682
120146
343439
348709
342800
353357
332552
338909
334939
355037
352429
335145
344824
350066
346172
339085
330175
355895
323501
438124
290546
264612
324387
244767
268328
249663
296790
255938
247801
292448
301025
256443
337974
255308
262508
230211
295098
279184
297543
318484
328189
232428
263877
276192
350654
282900
278112
285404
252202
307300
318690
343840
396642
420211
361143
488955
414001
425454
392933
448332
451524
404714
386353
351264
430598
326977
429573
361503
369623
413769
377054
314903
360465
508100
315726
2122013
1756252
933726
717710
518188
355450
370491
384355
326426
308475
314564
262473
310179
309290
308796
254905
306877
278203
266687
291889
296357
327831
284918
317109
280077
279623
297876
289368
373580
342141
313052
288313
316760
316281
332712
317955
286741
286676
331930
308954
303759
267879
290432
334360
288953
299254
267871
300348
294466
322672
297999
336188
299888
273090
306325
303236
268625
374144
284714
269108
284809
313769
298625
339364
263864
314499
333990
340750
303472
265914
278899
289871
291032
299894
358971
360156
283269
303749
271937
271951
324543
304435
315339
306280
312053
316963
286461
317739
324152
316419
277833
281961
301996
364345
305488
320274
293266
288732
303015
291339
281701
351903
308238
337783
311713
338109
282416
324086
295613
356803
362125
325718
343583
332813
321608
291906
308864
343547
306497
312489
288202
331493
352247
339501
299921
288217
363829
328297
288458
375134
300732
320647
340836
293480
329423
314800
362415
369239
316657
277438
335954
339530
285893
316576
283921
292152
339735
317953
287542
338398
326067
327058
364175
297019
418600
451495
494694
427744
431133
454553
415846
401122
454671
624923
490207
554528
375637
347857
366480
82648
110477
141526
102080
1472933
529438
408445
327218
339392
134634
171993
102513
6306168
1843450
1927920
1864830
3522133
3512359
3547978
447943
201557
231999
196902
195895
191597
208259
192187
202273
196070
193266
4985138
1446668
1430514
1444218
1449930
1413105
1422865
1410987
1427105
1438734
1423888
1426271
3384771
1442176
1433236
1425818
7748384
1324938
749046
804383
1394671
1455273
1399873
1635445
1848852
1658289
1493220
1495606
1481513
1878426
1535844
1548806
1477427
1504007
1531205
1497559
1519406
1506040
1554179
88390
40917
90489
92585
84051
107908
94299
88764
98997
89509
99936
97147
85146
89262
89924
83629
1527586
16980338
5661307
3333832
5998531
5712952
1284216
11004823
570263
2983715
478315
153825
2987512
3012578
5555001
27503371
2796918
8276348
129242
9181145
954919
196174
198276
206232
194881
161343
176778
179301
185088
166467
203778
173944
197920
168994
181998
178298
182744
164670
163249
180853
160622
181545
163632
175618
185286
178862
171080
174085
165411
160164
186565
172080
169819
176635
180043
160621
148029
170255
182675
174293
177421
167842
172953
172224
165377
179065
170907
174161
158564
169850
185192
180137
171520
170020
182651
167023
210116
173292
177619
206715
202963
3200822
558234
757764
656055
602398
651402
632360
703156
683886
655013
657841
662322
649899
644036
647181
749921
740734
635193
619656
1110983
1255561
1378262
1121213
1068330
1043977
1140384
1170767
1125923
7635498
392402
1838253
5559817
4265377
6111875
2179387
1856038
3680090
3759718
3952890
6189832
2147965
2293455
1824405
4593774
4711494
4487727
3807892
3827554
7170094
5075511
6972711
7337162
3172134
2975807
2872109
5062856
1393475
920319
826420
777591
872802
818781
835900
806603
767347
818962
792405
1458831
1425947
1434781
1418615
1404287
1449047
1407036
1451363
91353
28599
419961
903459
914499
969806
934614
881668
850870
955156
846474
852015
895599
871619
864642
881221
898938
816362
861627
962989
798023
882774
852075
855026
840345
833262
880954
908603
885215
69169
49645
59598
439659
721471
94209
62841
64292
511958
1100703
359949
1178546
567946
1203420
1224047
6165213
5458198
5370557
5570975
7590641
31253
1332164
1500884
1544860
1521680
1174563
18041719
14082760
1491629
2287770
1421355
3871135
1584237
1762503
1725901
1654556
1581424
1637910
1633851
1401653
1533060
1577390
1404582
3189993
757763
1447985
1501317
1433032
1499347
1447438
473017
3146899
153455
3334051
3504153
3853173
4342438
2656564
75358
575521
192948
523069
137388
132440
1490711
523122
516067
523408
541753
507941
519648
557105
510431
825030
1146342
1575928
1601778
1769321
1544217
1570082
1560810
1028330
501102
726011
473692
1048403
1101786
1071449
1663760
1207026
2477304
1163625
770012
550320
46079
512682
1703574
602465
1888558
1626673
1789999
1768990
1264314
1229451
1619574
1387198
1385357
1408943
1445305
1380644
1386015
1625572
1337649
1549492
144424
128164
1906290
1700127
5048900
1971423
377077
369104
1389148
3104871
1398345
1409303
171649
161694
162812
78934
71240
1443043
1517624
2101275
3880163
4367083
5752096
6413441
4647936
4490199
7047615
9182052
7504315
4338794
22556819
3663368
3963228
3815762
4142771
4666913
6148795
5442651
5971265
2013660
2885826
2403217
136125
3250578
272217
356996
333014
7723539
7708148
9272968
18365037
8035199
9455948
6114169
3481893
2082079
2306766
2325070
2217655
1864791
1880971
1750849
1913109
1869480
1898690
1914446
2302771
2072898
1912102
1408341
1475299
1405390
1422078
457206
1856979
1821816
1873660
1440030
1499115
1421047
1444250
1451427
1444232
1444536
1412906
1407296
1436036
1424129
1443488
1423267
1424690
1450855
1400455
1414116
1315837
1290117
1262920
10950452
8618081
668070
654708
1297787
1289977
1305986
1305396
1326490
1293324
1277361
133464
215144
145581
153355
35831080
4868361
9013628
10751621
9035406
37472939
50712377
49913456
26696471
196216
36384
118207
415914
65239
27026
103675
71060
38853
29323
3347474
49027
77163
3507606
55398
93646
51784
39858
40220
51237
107180
605924
114410
61486
203053
81190
98320
96376
116044
35891
32701
70110
75077
84128
20517
1639363
2188183
2147800
2314962
2336609
1854304
1967432
23473
17926
46262
47079
38967
35853
41864
47150
61476
1889027
64823
27157
54771
22426
19182
51746
27761
20687
35637
21765
525843
512975
527487
497488
518605
524509
23683
94581
22236
1868633
21525
24102
23280
20659
22030
21696
26320
25045
25261
23730
35920
31565
24869
24367
28342
28690
21295
20235
28143
36323
22726
22860
27269
23197
24738
29278
21524
25493
25375
23936
2279671
583887
515357
525483
541594
519274
603880
512528
506289
507991
516277
599743
528717
494223
526887
541479
506831
506526
524233
939595
537832
547798
523345
509595
504481
520977
509415
1030626
873276
1137338
521723
710548
567769
521637
515225
520508
542911
521588
854282
646922
510937
664977
627396
512601
503648
523058
599200
545830
541631
533942
529367
562668
550281
664596
733254
901366
645400
512198
558821
512586
520326
513435
519337
522663
510109
508452
532045
512599
540327
531825
520547
517746
549057
522882
519986
568138
559818
590155
525039
539812
617310
560027
682615
583430
2181579
687499
513969
514830
525649
516156
513261
532895
821216
524762
532622
650971
535061
541977
4069246
3404216
4898992
1465147
1476821
1328751
1957981
1775808
1264243
1312036
1411693
1301639
25624
5535905
6449063
19795
24984
23131
25933
20344
19772
23989
16001
20179
21459
23146
19345
23386
27804
22422
21396
24867
1494967
1454766
1440515
1447561
1578238
1419973
1437864
1473706
223682
286412
216514
26780
26182
26799
25293
17046
18822
18550
23414
22963
21172
26528
23665
31183
22650
23496
22143
3106682
27727
155923
1614130
1777276
1660554
1555793
1561808
1556459
1490597
1538866
1518693
2978757
2704845
2478864
31306
22019
20256
22964
165824
23011
33711
25922
20902
20040
30639
2099001
2082356
1881193
1810392
1843689
1811028
1355287
1325928
1214304
1349424
1701359
1463012
1361719
1369329
1219992
1691083
1424071
1873041
1397618
1426130
1242475
1340044
2364776
2728794
2300342
1918749
1378265
1240970
2485008
1225203
1217055
2383408
2388593
1199989
1775203
1189897
1275656
27737
30309
28803
1366146
1208900
1247571
1226067
1228069
1240522
1185355
2592315
1824512
1202110
1191736
531402
547218
134021
1205963
180782
2697826
512815
1195103
1357261
1229710
1271056
1187941
2333145
1221084
49077
25771
29294
26280
25293
20997
1228315
1222902
1201109
1209419
1221022
1194876
3148388
28949
25237
30267
1285659
1241616
1269320
37268
20991
24004
1545423
1197834
1182801
7911305
264376242
448681
637387
302488818
297313640
1206115
1735552
1342778
1395953
1442996
1384987
1404252
1411915
1384241
1404595
1393384
1389894
1461733
1405129
1443764
1433080
1404362
1394512
1402232
28607
23268
22678
1517654
1489685
22942
42351
1479505
1507774
1522438
1470636
1463860
1483823
1459337
1459812
29165
23688
25513
22561
22948
23413
21099
22502
22121
25072
21658
25473
39834
29298
27876
1550429
1421926
2019060
2003655
1834250
1900285
1650772
1912468
1726744
1871228
1747082
1856531
1861384
1846455
1779522
198278
195315
193891
198579
200149
243946
797264
485826
518371
198393
45947
92210
121613
9377709
2956066
3994739
4463296
46853
35264
34687
53595
1718490
1726020
1871735
39973
4571212
555784
529213
3314925
2508271
2435612
2328413
812558
266239
253079
50059
75960
1366068
1234038
740853
1198254
2415218
3305609
2910131
234789
2415029
2243160
176858
180058
179610
196942
228211
183600
253068
763547
158729
171647
170794
166203
155791
179373
178040
153378
207222
168098
187161
185751
184751
184875
254262
170645
148608
173492
180267
188524
200475
167634
182639
185898
191778
170315
178845
179512
182959
169977
167746
172851
275208
276597
192606
182067
179589
185365
842578
1973703
1602273
1044259
6312502
188679
3988395
1379185
2723237
1281188
3179862
3187277
30604
22816
33552
24751
38804
1503301
517234
3518358
500786
252319
365099
257976
300805
755471
260990
264939
698562
811457
749101
887890
2963594
730511
759736
1669433
7185757
639697
1118835
1144403
1412140
1160413
1798232
1470903
1453393
1255469
1193302
238399
309321
214349
237091
257207
521609
1288497
44170284
1113740
2856860
2628535
209331
201191
371451
1987337
2177490
2518874
1277001
1601633
477739
294572
1276431
1659870
1231403
1450661
1450859
1420455
1346256
1385525
1281537
1322593
1270914
1347517
1238658
1341242
1314916
1267824
1673272
1310684
1366672
1448771
1363526
1262027
1261083
1365179
1387745
1343984
1504019
1469557
1395158
1318166
1281152
1375148
1286078
1294656
1212543
1257083
1255869
1243611
1276897
1284614
1343466
1370590
1322718
1260609
1302865
1270424
1285193
1271010
2474342
1259155
1375525
1499560
1299724
1443742
1256969
1260693
1275043
11946898
1211405
1393762
1229133
679573
1243288
1281172
634413
672830
589546
617198
630564
1230248
1349218
1224755
1243057
1514056
1225466
1208610
111879
58337
51459
1314457
1224722
1823389
1212590
1293008
1310690
1379984
1268791
5508879
1210987
1299859
68615
79411
46966
48132
54306
49217
45701
46710
1195242
1263100
59633
1210065
1256488
1201481
1202598
1241185
151145
1446332
2506072
6403228
2509304
283281
443764
80803
64262
62911
64818
60070
1541410
1592358
1207240
1172535
5730716
2078981
1634002
1710194
1847074
1909945
1758751
2048166
1943912
1884981
1797674
2004349
1904571
2274769
1991230
1971084
1878053
1711016
1363058
1952640
2030743
2215311
1796047
2077401
1810998
2203491
1990142
1491612
1573626
1513741
1236715
1376290
1397356
1317177
1346924
1458269
1280750
1363590
1278428
1281046
1327788
1365600
1292619
1282818
1339347
1407989
1348197
1318438
47972
45782
273358
1395489
1393881
2893362
2713308
1396688
2016130
1888788
1930363
1808808
1937094
1877471
1855751
1902956
1854577
10910458
11207801
10098917
141062
246593
250714
232186
256958
268411
248736
261131
3634163
3066750
2955595
3776338
7307076
271243
302758
263194
281278
257145
1254841
11226482
2180759
3159828
8995288
18947696
1231285
1253806
1211800
860571
879690
979556
3120479
3055470
1218275
3294356
2914275
3055646
586183
499390
383454
907484
1044725
1150022
1171751
510091
330062
125037
1758429
1419981
1510248
1275283
1231872
1527236
1293292
1383498
1367158
923696
11046492
19311
465335
469481
478683
4042903
3251935
3764049
4983726
4312540
3227921
4361906
498059
486632
3323336
3231339
3732435
25273
21191
22824
2732976
2981279
3020567
432763
456641
390181
401140
384149
381092
315236
397755
27792
604425
532953
251302
236273
244454
241859
258707
1072547
1123036
1193097
1601494
1682891
1625700
1635830
1354695
1361419
2153320
1502166
515893
7199147
8377369
8068882
10964563
11406387
10182183
566623
493794
1255051
493093
288028
286740
1181209
1276589
49602
3010604
662666
388267
610953
386214
539328
1204145
1186367
1299988
30545
3782320
1341150
1610683
2056303
1673747
4028207
4105697
33056
480615
503104
483894
501240
3279810
476544
476016
489857
477407
513064
538773
3384233
558989
528875
3736557
4717449
109044
92832
70669
213302
4116758
760447
664219
7297299
2938876
677522
556929
598132
570800
577225
593349
537112
605187
592199
559504
543366
569155
572921
628823
620349
660038
847325
550432
695903
6644097
391656
340531
402999
602145
25865870
2885777
211585
1686604
2459874
2200748
2255460
2802253
2544009
3936516
4842383
4870100
3009556
4081114
4336182
4038901
1462418
3517816
83107
86900
9700439
11380593
13429735
9028990
16266028
19060515
8455462
10826370
10794524
11483352
12653253
11915251
12211436
12069400
12334732
14191771
11842332
24109218
8454967
15890522
20990770
7067216
483390
338035
495883
386907
354083
410318
293952
402979
359887
365082
314118
288963
290746
345287
305771
315353
308806
345711
277458
299053
315386
356880
327590
452219
328527
333720
421048
348917
312570
321172
307982
300116
301175
305103
438239
285951
290390
311838
336465
342810
340071
624438
329390
351713
329021
343870
343108
429407
341994
323906
451665
472602
438982
471057
307057
315472
306684
314564
310061
309926
307780
313529
302029
305361
338653
290579
308200
1381863
954560
407358
419514
449142
318339
403896
456641
527736
335233
333682
451450
13106613
4007121
250489
270651
259051
292287
379396
406520
290634
367162
374055
317749
252435
293832
339318
351326
338866
320898
415423
284015
278004
241180
296489
302325
307540
271257
337099
350395
232483
271309
219429
287979
319507
291996
944479
311306
7232011
1034983
389844
276510
299702
381627
369354
356304
307500
358531
247627
4270849
265081
291288
776663
14296772
833826
143371
81190
21421
92541
32892
677735
373440
465899
56256
50209
50819
33324
43684
24170538
21883951
22021713
76261993
18874248
57520690
3902565
1659934
319237
158979
1674769
8865193
67966314
102648
250460
78674
108708
110555
84574
73103351
183182
146612
6253674
1459015
125358
1652453
1740342
1699117
1626141
1639812
1640461
1762067
1916458
1665521
1731278
1736428
1534734
2214841
1975115
195269
1476590
1617813
1783791
1753638
1914023
1729470
1928666
1931384
1718541
1645408
1587096
1887341
1766404
1892901
1770678
2143473
2409262
7206503
8035807
3666392
1595394
9890112
6281535
1981907
5957445
2273716
1783113
1869701
1701968
60763679
48499407
1890672
1919118
1532262
1747664
1850770
2024710
2247664
1825397
2194009
2116464
2033409
2014062
1947526
1956138
1779335
1749521
1869919
1542368
1957015
2078276
1958293
1946852
1685606
1507023
1441099
1441516
1474332
1435261
1464984
1481232
1399093
2312629
2900997
2909763
2199655
2558078
2869065
2456129
2372173
2214533
1429899
3636649
2487135
692126
208871
295966
205798
1590128
816982
291758
150744
184058
180506
217353
197586
205374
201468
222386
184899
231473
208428
217288
240003
128300
228324
200651
190304
178843
785608
329123
209431
188809
275539
3053964
2136068
1047743
970649
225987
135242
218140
95156
131059
208760
176052
111322
94900
115264
108329
126732
163513
173752
180858
195234
143562
142175
98489
104635
185733
181032
127160
115886
101770
154166
132169
157371
134923
110224
133915
131197
135494
140612
139961
401578
5206530
5225459
4926748
1998146
2529468
1154857
1857629
239556
264762
518144
2318008
579844
451417
772471
705523
590131
664118
417580
728020
410522
852347
403752
515878
432298
618448
556538
410212
450093
360466
542952
466406
440175
563057
540094
543709
487784
564506
433434
464577
455877
531839
460069
529558
505075
541925
468446
537696
551603
611355
519779
585865
510171
624634
537144
726242
740028
652141
739253
654466
667175
720750
627653
450832
524216
2392443
2523731
2366146
2106338
2630979
1538520
1828621
1364674
1292517
364311
253577
236613
2120169
185690
205678
1967507
1756485
2105357
6676770
2796750
2800918
1700399
1647651
1794203
1920924
1964378
2369426
3439363
3745315
269685
489990
1874626
1775107
2016521
1795116
1863706
1694547
1756855
2535815
1927382
1747468
2075098
1891350
1658418
2024396
1834347
1889170
1902785
1850524
1766687
1843144
363026
119029
97391
91956
104031
163427
281402
78475
81629
75956
87091
83708
80541
95901
75447
1652491
3372743
2558014
2401842
2347512
5892805
10575135
1815077
2090130
2521034
6803736
2091766
1899337
2045719
2265418
1746544
2174112
1796587
1594492
1427303
1690253
2290770
7727207
2291453
1799368
1934553
2076940
2179138
1965563
3106757
2718140
1903924
6409787
10458961
2189515
2030584
2258739
2541183
2694797
2883328
2844917
2785485
3203587
2921523
2745557
3054189
5378213
3578124
11240357
10985290
1400177
1472084
1478522
1390316
1540630
1423909
1415699
1397723
2131773
2486708
1471110
442883
205352
323914
192088
212761
186776
186997
226035
572238
193993
205650
196939
194007
199852
195262
191786
503021
186963
517920
205892
534514
507409
499083
504351
491714
189612
498000
507268
503911
519718
513969
493089
515076
523781
506311
527472
492198
510569
511930
505505
511868
520633
507440
3141952
1736815
196642
741929
1401353
1371401
1487678
2569526
374859
216109
159776
156613
317992
2033612
2240744
2290194
273658
1804472
171179
147953
183377
147579
158490
148973
136221
130706
143023
135571
134326
140834
136899
131485
236451
281502
156969
389767
156176
146386
555553
1351844
1345625
1339966
1304986
1364339
1409993
1427632
1358793
1363005
1368363
1358923
1351495
1346669
1352640
1345994
1356006
1371118
1355504
1332012
1443778
274440
210387
561413
1237081
1007251
1247950
1154490
1048971
1545225
1566093
1603922
706468
533279
643857
593990
617853
599520
600467
1201114
5914075
5932188
2874569
2756818
2899164
3140811
3308478
2615923
2674913
6038583
2686841
2506263
2896684
2592936
2523471
2747246
2838285
3310286
2648912
2891680
2760586
211067
174265
177626
558553
81672
598534
540721
567835
657459
575137
566305
521869
223782
90565
81363
163463
188153
193233
570638
480460
567471
723782
483704
1714929
1339906
1448181
1318712
1325361
1370293
1943411
25265234
25867177
61995255
68584638
68591999
42106387
899024
904104
1199110
1238782
1324367
1145957
1284344
1383772
1309287
1330245
1377822
1481148
1373410
1428870
2387984
49935
173065
117836
93618
117145
102694
106414
149566
150917
160822
133492
158527
145894
126797
127492
164464
225971
146850
129604
135026
130469
129274
17076014
20540615
17073546
938159
3072194
3229028
3218308
3099452
3780245
3716226
3090528
3244846
3127082
164727
137486
132033
137545
137988
365539
104690
153905
216702
310484
250627
274339
559204
313390
298513
260871
243314
236326
253825
239757
258280
378918
283978
232725
96915
69914
72602
74449
75374
1794502
1418573
1602816
1811177
1541976
1529252
1425168
1757142
1433315
1457410
1101446
310818
90982
405530
77299
70712
68923
624326
1492547
1340714
223153
197242
201364
193308
178118
199880
181936
190740
176557
324508
306055
498681
320162
309953
297898
332834
369662
329207
302499
306687
330536
332797
329574
306327
330483
542829
1416550
309255
864726
271669
284856
301354
282722
47148
47109
40836
107180
44679
48377
59951
49895
1731665
1348598
1140663
1239372
2087873
1825360
27063
61646
53098
107267
1586350
1386311
1410197
157183
5851577660
767791
3085806
280383
596513
409184
7281917981
7327458004
545809
305458
1144555
518216
8089577
66620413
542009
552567
584919
612526
774298
792473
760308
766386
685787
683511
763241
769778
793529
744027
828277
758201
825987
618500
591937
1957470
2053702
70703
541873
422540
300031
319865
337297
329793
327807
302141
3417265
3103190
3132517
4463349
3603862
3646934
3528517
3486767
3843412
3735897
3528420
3684370
3836752
3640153
324630
3958654
759141
7219971
3946701
3365372
3254339
111501
106876
90563
81996
110257
112430
196892
152382
600023
1390753
1339216
1335123
1348029
1388857
1388180
1440691
1365324
1313124
1370468
1337611
1342386
1347430
1418648
1363417
1362434
1368011
1361919
1354930
1400500
45251
78856
47018
44799
84587
73339
65826
42420
41009
43216
42991
48561
293964
636889
167285
234709
166695
87019
76942
72598
49548
46958
48489
42751
43550
50920
39191
837246
1436269
1342044
1299735
1294713
1324103
1339007
1306431
1340032
1318406
1325308
1322646
1293942
1304307
1309065
1328418
235504
255283
142521
1323786
169929
2991563
687944
557656
352986
446903
355857
346253
346503
358540
349861
345427
275866
396268
190884
163127
192205
1339802
1308287
1307643
1298781
1288180
1370345
1314600
1320500
1316798
1330215
1333791
1312005
1343855
1330189
1312816
1313573
1317099
1313180
1332622
1398185
1344579
1360849
1301333
1294164
1370205
1359684
1614209
1857051
1402554
1426449
1338528
1354525
1450679
1338894
1508772
1671558
1253559
2197427
1579528
1526670
1474933
1487287
1465270
1448700
1498703
1524333
1543542
1228618
1402046
1205482
1355726
559273
2069908
224038
130618
140537
312137
138383
113012
140869
170960
179896
168771
126543
114509
104507
2904191
3299105
3212700
2943045
2853039
3047121
3059153
2897764
3078727
3038628
3049423
3061333
519069
510097
3279957
3274414
2611852
2596892
3251764
510624
169203
1319508
1298398
1457547
2667566
3094241
3509274
3037684
2773423
1309641
98821
254441
214811
167478
227676
334679
273647
185637
319375
146375
251590
146143
144143
247928
145421
171417
214687
186869
4242100
3155657
3034549
3028002
2874926
4581977
4520209
3358577
3280513
2005409
1721455
1319012
1321360
1293734
1381267
132057
144045
172608
6135842
17418625
9315302
9095588
8586225
8826334
9071529
10779919
9131833
9337044
10115804
4116223
3254114
2096309
2510592
4226682
4305438
4903435
649445
909557
589930
951490
782958
733299
698616
763551
649486
738125
501910
692864
1247041
942590
672487
743870
850801
847864
789928
847739
767344
656557
690077
788610
828131
753392
757486
578501
1064635
923837
1112984
1622049
937069
38512478
3159560
2992045
1421240
1666698
86562
5014784
5307874
7034715
4928806
211801
27291843
217270
250380
333955
185486
200260
232882
221027
4196629
3918827
57413
2879808
2866168
5268541
2692024
3256605
2923978
6801255
5090159
5439040
4024818
4303602
7431702
16635863
8459913
3690279
3767522
3033514
7666643
2446372
125043
55198
84429
101741
90921
85579
207307
61374
86855
80620
90775
75020
85601
100526
85681
72278
84970
118176
117140
66890
74851
68983
66738
86127
86168
93007
61732
76503
70289
67077
58275
94404
84678
6634967
21070407
725180
3176833
1388925
940762
344876
383725
321870
356307
9644984
6992662
7922896
7437257
246853
523926
323339
419671
3002963
621157
579360
260769630
486784
951216
298240973
814463
376018
1382286
938320
817562
372567154
501789
631684
550234
397309
52274040
26182612
7608785
8444287
1796659
12784767
41644478
18017956
160729
1321699
1319019
1289696
1525474
1724821
1740657
1739358
4210160
29420
29331
670550
325794
88687
32762
39601
30010
28345
26650
1607391
1653404
1667740
1794250
1701891
1670729
1655595
1603684
1690499
1880855
1741435
2269253
1599167
1793636
1577992
1597688
1577650
1569560
1607472
1612229
1511147
1556510
1482687
1487342
1510881
1534321
1464787
1455980
2291192
2397574
1563343
1903571
1885933
474414
99618
88737
706807
786163
1792852
3788241
3628082
2822352
16054104
1971361
2908151
199069
186587
186428
76522
1299547
1279215
1309775
1298232
1310344
1289186
1298978
1303298
1292451
1293104
1838654
1851972
1862814
1839444
1805184
1853099
1849693
1845002
1906380
1871992
1826191
1864317
1798523
1824024
1824642
1789214
1809662
1837866
1735034
1264988
2651050
1515779
1568134
1473498
1806830
1457199
1466418
1551809
1508136
1450077
1501001
1502339
1500440
1454905
26201340
26060206
88245
566682
194095
181312
212522
178787
171525
1059420
1002025
1001416
1032369
1005852
1003917
1008569
1055907
1062330
1162082
1014121
995157
991162
1001618
1030183
2021748
4224837
4878956
1519771
1585450
1516344
1478547
719380
658487
1265669
1230805
1415040
643713
727968
1327846
627615
34066232
1774054
1822917
932343
819996
716593
537958
437060
458194
740176
2463472
2119205
2006743
1979066
1999843
1930681
2060398
2286524
2349830
2343583
2524477
1951554
2416351
2225740
368860
477007
424245
347034
2114606
1987417
2432200
2335742
2104400
2086431
2436127
2343579
2346227
632422
1486583
786787
719143
747459
3011168
2836743
2738083
2803612
2527596
2467311
901130
898697
972681
891665
688739
1592737
906000
1642069
1239538
1045425
1030655
4882097
6712423
14909611
12980191
6803158
1128859
4711113
2533485
3549617
1098980
2916863
14874706
11137465
3699871
4150361
4299296
929775
16543929
11470751
7298942
3383938
3220558
3465908
3320389
3096225
5918332
2573784
1771929
1252172
2614407
2345120
1759650
1786741
2094104
1774168
1717044
1835701
2132815
2920638
2242271
1306769
1370273
1413112
1405120
2024513
1481648
1827183
2405888
2683871
910856
1865303
2028802
1905963
1149441
1115998
1820385
2222690
1692290
2073257
1433873
2138482
1363409
1548810
11500482
20230392
17087107
15719441
10162015
2952399
13956742
8886639
7286197
7136948
1683575
1783750
8331460
7872053
9319576
6738697
1792277
8944348
373296
18929432
9645223
19191225
18963193
18311789
15035884
23807074
15607866
14570206
15514756
15874685
445031
298792
85327014
62623018
3178099
5239398
470578
137802
416723
736631
9318993
9928970
5600461
6759996
6997984
5626954
18243741
6438157
11066932
9040097
11956649
9381841
10705970
10530061
10464624
5790151
11340904
3233255
4047343
4413832
3943170
13862881
3152321
5038985
3854978
6734098
4283686
110454
94966
115975
110674
90228
270925
81514
187942
18360133
16464310
6182338
5151698
5944858
4992168
6462364
5418870
6399685
6622897
6392097
8781602
4660381
4844563
9289222
7409030
4939173
5040359
6417621
6310043
6058605
10235070
12638600
33116377
19802016
14762606
1842473
1576683
2109485
825218
817355
872744
714718
477636
1059140
853691
691863
619203
1145006
62713955
10504742
18516960
11323331
16233841
182191
18850969
22335821
572093
17456671
16075287
8151013
18589672
17225120
7838006
10576003
15337684
7720694
13521906
9368474
16020565
17968286
18598795
6846148
6467504
5244878
8093652
4384489
6316942
7115330
4230893
4578401
4583700
4478568
6519891
9883427
5719101
4278240
3312621
5661422
6339911
11711100
6126592
17229498
9363545
22101137
24198198
28497930
24543011
5307418
11327060
3696992
11499492
10271895
3464365
4625205
19155791
3891097
16160458
3972703
8200477
1903147
1112956
1596281
32153954
1165476
26127221
31177914
32811192
34397371
8424460
6949138
13250836
14440964
14179383
13947225
15464885
14190488
23050368
57444109
28747034
72008765
2058069
4552118
27387631
31330676
12031255
37734595
18609864
15443001
1633778891
1231931
1043661
856119
949081
1068617
306233
2514404
13299034
10558978
1442029
17958202
42501552
54987703
57134568
64715142
63582300
74303169
70837968
63709134
78222329
8324796
252033
266717
104745
145309
562947
173323
207143
1008798
514995
465671
790283
1445686
19262503
9416969
9095530
11326199
19072037
16824082
8858294
8690254
9554863
12036915
10837635
13146269
9385885
14742273
14966613
11006363
18254946
13866164
16341884
14562074
18525920
11231031
12801993
11409865
15898756
28794857
49792584
22149629
4990740
37980164
4805669
5160002
5351087
21132750
21714617
4558171
4040837
5614034
3363134
3753266
9512671
6180466
4146511
7237884
6052664
6873219
685917
991585
199886
806796
598262
2047587
908503
1035215
315451
430808
560427
6727575
6980844
7022934
18133782
1370446
2874348
3307965
1036851
737281
3084876
1074805
22025635
7628581
15189031
22962485
1538244
1150717
283710
733127
687870
1102183
310067
687245
289180
857685
11233449
9185426
10491443
10860937
213091
1792546
2802572
8766366
14797721
11620833
7316127
5097759
3786731
4453959
6332577
6950470
7449838
6702803
5538646
21249975
20912062
2823232
8763825
2618182
1230660
277148
297808
360717
668216
214090
79210
1930863
1369679
1309381
2004329
646906
405130
11827901
15637744
15464001
5844408
2732904
1660590
9727664
16553231
5200936
13263664
7125193
10096641
4879719
3930916
10088683
15386235
2101451
21649290
14062526
1733454
926667
1138147
589696
1877834
897302
1303577
2097011
979536
1913831
1267478
6582246
32514826
30537193
25675417
25294002
21725412
26535842
18703019
25737783
975354
1072580
857580
13146993
15537987
14679618
15838433
20588921
17277618
22881998
20098368
21129706
19955021
19660618
19650586
17082650
15672154
153636
257356
37711
75793
10088135903
10514507509
10344433971
13329041
15417678
768140
16334182
14408840
3980938
55711113
10081551
53217241
43172785
17937053
51254067
82053207
18183199
1783917
5327885
6981553
21834386
15534425691
13943098
24626517
20719483
18754752
17454540
23288409
17382634
11426149
11894421
13787109
13708535
10991278129
12496357861
5196858
11149235
7284019
14143944296
9032141
3820313
7245289
7213620
12631393
14030418
9701162
656732
3821725
1043424
2504651
3331597
1435534
8156090
7093389
623314
4438747
5339958
296289
589758
1179270
1090927
875008
1180295
1448773
1825368
1208385
596993
1082746
1091243
555368
632224
1781261
1260797
810824
834452
801046
666974
691093
809158
810828
953885
719601
734623
502465
1168458
892969
1456886
268999
223523
337987
1212359
449193
725957
1622443
502316
341276
1378974
966341
889872
849697
577278
1536797
1122976
558920
638534
902870
483585
1186158
973137
1201241
1431108
1344442
1217017
1143071
1246505
1266006
319996
1310431
1585895
1352014
739208
864625
893504
797014
1539602
892565
1772449
1092399
1523184
597180
226883
687080
1583812
995019
1416272
348723
1149265
546363
228614
872932
1626809
1643582
112718
1465678
792010
1530306
401607
512830
179013
335155
1840120
324331
241974
1138304
1184323
335067
729657
821945
1145120
642069
1497280
1711596
278906
1401550
1872927
1217066
1027444
1941771
588697
1598987
1015323
977898
948411
948912
748353
826127
1026794
994420
5911993
15678854
15684639
27656925
1774968
1238129
1096357
1458497
1069401
984598
335497
1858565
369719
362752
373080
666280
1341484
3031809
8606887
4177095
5041521
6917716
9738876
9633964343
10057373
8737619
14489797
14397965
9948083
13931934
19842094
7894972
7225589
31717072478
7564262
8716835
7041222
7848862
7911327
40358305
28322068
7530160
10184135
10744822
9405800
11107712
14505570
9625645
8329323
14272935
10244963
11975710
18277757
11534880
7922913
11699143
9450348
11114880
8088197
8871396
9478053
11114609
9417103
8888131
9034565
6421269
6361320
7495968
7422730
11045661
2526759
2674777
1604569
3532783
1912370
903490
1232970
1736009
1702679
1054909
1203919
2787463
12933983
804545
1297506
1079045
2274480
12698815
6939887
8326526
13366506
6111964
7853054
8832847
7840250
5768731
3402720
768685
1358039
571955
26595992505
7498531
7455535
3264915
13864752
10000925
578498
1201922
3171667
2262759
1504225
1432596
1616158
1495163
1490436
1395396
982657
666748
1570996
4437156
1798308
593133
2000228
2002178
1808316
1800177
1904840
1733869
1768006
1781796
1818853
2376811
2354134
2437839
2478445
2389547
2407292
2345070
6872947
6967309
2033105
1917020
2005073
2033851
2788299
1636696
1635832
1677393
1731292
1358249
1232071
1280245
1251777
1722074
1240998
1295997
1262880
1276283
1254886
1258158
1382421
1313001
1636756
1350386
1345120
1235090
1268208
1267011
1238640
1235766
1253077
1279132
1303976
1412150
1359743
1308709
1662066
1367163
1291703
1265419
1239966
1241689
1257250
1247015
1259031
6704585
1879763
187175
1656363
1626255
111292
84031
68893
52464
59254
55135
56498
84253
52997
93148
53068
69010
48101
53863
52415
61157
50280
82421
55719
52437
49628
49384
55457
51938
60856
50337
53173
50157
54345
70492
56265
75641
1683256
1692437
1638063
940971
1071642
17549264
514076
1560406
511683
61744
511917
507677
501384
507563
516639
511095
523979
500537
519924
101930
93192
92050
241728
1436655
286168
2429644
2429887
4962238
3611306
1584045
1521779
1537848
1611147
1612713
252046
1481967
213945
344190
381811
396744
342604
1414837
1421767
1372632
1509819
1511129
1509236
1458541
1371298
1426251
224864
154266
214570
160879
4376972
202961
167499
140084
153978
153684
356563
151535
150066
152690
759546
194301
130723
158557
158664
179371
130483
174084
177381
151697
140708
174114
250810
126457
164579
164499
139410
4839618
187378
167800
138981
134733
146502
132582
138860
538454
162950
144435
7143401
137715
124362
118308
113173
114823
113669
4186245
4141011
4218771
5693922
5707622
5685112
5635024
503441
512619
468456
439171
454275
1186144
1462599
1437303
1136356
1667241
1587131
1420656
3365329
1583365
1606850
1528875
1609092
1559168
1544310
1524757
1543807
1448219
1531797
1540014
1554460
1545966
1545137
1632029
1525617
1571112
1643552
1682575
1598080
245424
239152
232902
246887
1779557
229399
1742600
1849119
1903392
1964671
1874976
1927447
1786833
1992700
1799755
1844302
3884567
3835054
1972864
1928081
237939
259735
156802
510982
160221
156639
163129
1940740
2869501
3618879
1844040
4915534
120033
4810482
6169468
9133502
8250954
127617
158178
4231822
4094242
116414
76682
2746091
197020
175106
5116895
207388
4670867
178300
181134
159962
199120
155095
158200
1360195
1376135
1361009
1381510
1372968
1320332
1321157
1356918
1378268
1339221
1365414
1385036
1396123
8450564
2461233
2709569
2653269
2391176
2807432
5489220
9582656
3410191
3908160
3544607
3826020
3688924
3375178
809600
860909
842729
835816
851083
899817
838570
928312
925299
883299
849163
836044
825216
819528
797865
828781
835054
823651
905606
830030
815950
847960
825508
855478
847941
916695
786941
865061
825898
797756
3645744
7033056
6320086
20511493
3337645
5230421
3712975
39483
68370891
10392539
14339394
64611510
10974842
1751307
1860423
1788327
1391699
1435675
1771080
1786935
1741365
514433
513879
539664
515820
547090
514979
512600
507028
529745
530028
522537
548108
520629
541521
495119
520595
517486
502907
513637
512373
525002
510529
537006
518405
572248
680136
800624
593838
618104
512473
527878
553993
519084
532053
522750
591041
570505
511371
522269
521789
507379
523374
1502632
1535283
1193851
1062649
1220708
459215
26275100
2646453
949556
827566
955459
873398
924650
916313
906667
944693
872821
930169
861382
883595
879016
903366
894755
835861
916129
843580
950063
958990
902114
6132611
8842640
10025103
287846
8390026
9110426
8653595
1764630
1543336
1722280
1616274
1634230
1782474
1738845
10999477
313826
346734
78110
85099
83239
89693
94449
285873
193890
197847
236231
207232
206114
218213
70592
133759
78563
150834
652294
567839
558373
527615
136235
632974
803023
647927
616685
137732
99564
99488
513514
509431
814946
888621
528870
495823
1901708
816064
756985
827674
1497500
576752
529964
486019
516916
513817
493747
510021
504372
500494
504758
498474
514935
494846
527923
503291
508537
532457
495742
505644
490724
501162
8517395
1157966
1624086
1651928
1636944
1631837
1616393
4150972
3742674
127546
277438
273315
283522
306948
306555
180747
349417
346081
376862
352883
362086
4000291
3484442
7153121
85134
995760
1008932
381718
525494
1757472
5548431
4125448
3740979
3568607
1761368
1706560
1668897
1680091
1665470
25379704
25013443
1628382
1615456
24621720
149909
25256927
25456304
5788133
1679151
3028049
404650
1734228
1726740
1738719
1748598
1741880
1733381
2336878
454544
2214868
2120677
2068872
3894142
3791805
28857522
27307869
25697650
25694545
4367753
160101
1048870
169382
1036788
525879
27109
160081
847608
43719894
43610132
384932
26738491
1290945
1402898
1234309
968313
163798
173467
1097047
2132524
9352802
14292036
5413514
71009
274351
3341996
2945424
2817289
2862736
2835147
2803682
2883360
1237521
1267948
3022511
2851228
3044627
2709602
3289575
1228871
1255657
1228708
3057781
1222790
1076585
966830
176029
158170
167166
170835
168846
11984947
5508304
5681596
5761730
5487697
1021875
1000192
2542683
176259
988112
167864
1227391
176841
1241950
1201921
186469
1283017
162547
1211880
2921319
2830272
148249
166828
1104031
138739
146313
1175980
1206935
1194296
1187085
1018610
160446
173048
169289
169750
159712
166133
160421
161337
5074536
11486077
10585658
13813882
11302880
7653978
5266542
5514692
1050573
172875
209960
127831
1050615
166288
161037
1109947
1210366
1396360
1427055
152008
142850
159614
170702
160879
5473191
6125242
2776417
138248
138835
1068677
1141076
299327
2183940
1769302
1753861
1761436
201415
131065
128981
124157
3745837
3729204
192929
193188
209319
402072
179402
159846
185991
211968
217828
195662
11072505
10844132
109974
102975
103225
982945
1052355
1285373
1218783
1127857
1211696
1280449
1253117
1176841
1190065
1673460
1193731
913789
1011230
3607964
1077115
1572213
1401621
912208
5224708
167996
151538
156387
167496
155134
153545
153982
266755
161092
155429
157383
161182
161822
160891
156627
162499
5231118
10571862
14555367
10653819
16722079
10702111
1600327
1943191
5890520
5185280
16669765
2656715
2873989
2630555
1026290
1293926
1194872
1718712
1445263
1155777
927096
20093584
25426797
25043036
16513805
15783368
14536536
13696105
52069910
52462729
1948504
10615797294
1304907
1278251
1235613
2473103
2666735
1498289
1242573
1499104
1561171
7339261
10479228
4692284
4198988
4046045
21398163
14148573
12856892
13909373
13830760
14965958
18644338
19134909
4679112
10948031
1569068
273839
259273
261237
266739
263189
241014
194574
225402
250940
3237860
378320
318083
253603
197488
192912
238455
210029
228577
289010
310307
237235
287504
172282
176115
328418
233346
367403
4599317
3122318
7108854
4086913
6850054
2904864
2778675
3517568
3569681
2840201
5312505
4197732
1822853
334115
462135
336581
218648
3535940
3643644
2740913
3631987
3811058
3783804
3449407
5762298
679534
637867
14671211
969644
10093483
1812547
2712146
42631778
14587832
5676524
173702
27977377
684730
408108
179451
300267
151943
152229
115359
130423
112915
772959
128305
5944968
4643130
377993
110814
345183
6419280
44964617
1137658
28959675
5342190
11745754
6990945
16106587
12965570
18797290
2956961
54416481
62092062
2091192
1789621
5592918
1565684
1449499
5878701
952492
341508
620008
201693
257438
230546
171030
210362
229472
223839
214746
174806
180366
155835
174664
292122
163188
791500
142700
244781
196294
165939
307546
176868
188870
175441
165183
140633
158167
201612
159645
159862
181473
212030
195795
219259
179854
207822
170362
190324
596279
547555
708569
882732
841078
680582
2261837
2116724
1312101
6725309
1873468
1749416
5390982
5397114
7632063
4218389
2731370
1882887
2483790
2885754
1310983
468659
3440488
3970411
6375451
2998038
3493726
3439811
3535865
4116004
3489201
3035719
3000930
2783016
2508279
3158175
2614790
3482123
2944375
214577
297487
233432
220609
237893
292740
215244
230486
243769
225300
272363
288211
281752
267424
242710
217804
315938
226522
277719
840711
971112
706026
450967
565243
2518158
820408
792121
919672
646793
971218
694436
791280
874703
1001399
884254
811842
787562
935327
1248215
1013487
736778
657254
957635
695002
1145207
917806
795917
988801
921906
904536
752687
1162318
1953761
463323
3344581
11253488
179222
221944
170861
170123
164736
174860
183629
2837640
2507959
2319089
2289337
2294978
2314882
2321551
2299904
2305813
2318309
2334135
5324771
7927046
328191
12701475
12184349
165211
162089
155372
163183
161848
168983
164112
182226
160803
195597
220397
164635
3607485
3729233
3075980
28179
23787
19775
17062
8010085
5575576
5769875
6348447
9326995
2422857
2564798
3110296
1816896
835534
34501181
899809
766424
817695
659520
826461
750277
836724
699482
350327
345265
365505
384033
474979
345518
384594
383895
391342
369991
368530
358916
351264
412343
16765912
22014253
22158935
791967
752030
1005377
2259658
3660581
1348001
8223983
4776457
1265382
332793
4605334
3328641
10145317
11317942
13518098
12319924
282134
29181
40023
38355
7601125
127257
119347
1633181
1970072
1178938
29095
14363231
907791
14643956
13809059
13660474
13845146
14385285
14368608
14200489
13770136
196076
133239
167862
30292
222062
13313476
345862
340549
307993
324075
330879
305180
322052
311610
314880
320748
314834
309912
372673
369793
355943
328430
321249
310585
381161
353767
336219
351678
313670
321695
329918
319834
328794
317251
320205
2772449
2797664
2916244
14605536
3403640
3931359
2000035
2133507
4432310
2811370
2562160
2569624
2658637
2816130
2576038
5261148
3835098
3694875
3985723
7441915
4209077
34734656
1581836
2682083
2735297
2726781
2693088
2761554
2699770
2699666
2762177
2678170
338209
530042
2203505
199633
119553
118897
119600
110087
110286
3542880
2721638
8162250
518695
1151727
970646
1239544
1096950
1149907
1367567
1161817
1055901
1334050
1459546
1093428
1138429
1285871
1165570
1273503
2938335
1240323
1258800
1206705
509220
516492
516998
1099422
1233289
1160080
1875660
1319699
1787074
1082585
1106094
1892749
1805492
1906186
3410927
1658360
1960135
12220200
1836428
12493807
13241995
2005755
1856534
1947491
468436
1821816
1751129
1938690
119004
113947
127192
123325
238574
310929
334268
8255871
8444330
11530705
536567
423753
410783
417774
436241
411036
428190
416926
408872
497483
459977
442093
443382
426409
412975
599391
439070
549495
438782
147622
151995
138133
96727
155974
147890
123258
5008462
75086
301650
154722
5540581
6695292
5667333
4348635
2940183
1872466
65277
63542
65749
55273
56199
56075
788568
829225
867138
767703
758277
840312
782491
772282
737571
785307
762232
793780
1543657
5653974
445376
478871
478953
429654
448338
489025
431002
353892
458700
516119
458999
508800
381571
486112
2501992
7541707
23988019
8128257
3863649
5527162
8083118
5565441
5531157
7798660
980973
5671543
8365926
7973393
7729766
147419
149058
157959
153119
160414
5921458
6018084
6012378
53674
4592572
9302586
3112194
7681856
2945542
1495759
1544721
1449664
1338588
1389664
1347587
1340711
1339616
1446783
1353540
1380217
2454714
3231017
3064560
2841454
1785810
1943258
1799675
2339150
1910827
2008729
240145
197294
180681
158335
1488446
1448862
1502944
1540144
1484103
1938870
3001485
2871697
2967046
2972206
1933894
1797021
2155561
1829599
2027995
1815659
1681267
2195987
1956354
1770968
1916898
1900584
2481446
2482490
1617145
2121598
2102232
1169292
2003111
2048169
1899671
2188213
1319733
1883749
3863570
3562760
3705883
3940952
2970993
2655971
2761289
2794399
2820096
1839541
1429800
1416303
1413177
1439745
1423476
1381886
1354311
1376043
1362288
1391556
1390311
1382900
1376789
1395296
1627468
1391109
1441082
1476083
1383387
1419703
1464529
1427212
1450453
1422721
1359345
1367936
1344530
1358760
1429654
1415772
1442276
1412948
1394546
1433654
1456603
1394889
1451378
1408560
1408094
1387892
1362861
1381219
1385671
1410578
1420537
1877538
1448805
1431540
1428951
1429432
1414533
1418517
1434871
1417968
1421796
1426249
1436204
2460881
3394331
2565033
2636399
2639230
2674272
2552123
2700645
2544289
1849065
2475634
325474
319434
313701
318817
1978063
1859752
2334952
5265982
6521909
4338141
4075822
4806557
4029084
4214661
3652192
3859415
4006896
3438366
4421361
3763067
3502744
3468423
3463226
3313138
4288948
3822057
3781361
3789582
3977386
3909082
10440073
9924164
9030967
4333836
3892164
3785631
3535174
5046367
2014698
3563272
3190657
3510914
3322843
6058066
6092457
6728763
6543044
11741535
11134202
